descriptor-temperature	descriptor-logPressure	dCO2_g/dCO_s	dCO2_g/dO_s	dCO2_g/dO-CO_s	dCO2_g/dO-O_s	dCO_g/dCO_s	dCO_g/dO_s	dCO_g/dO-CO_s	dCO_g/dO-O_s	dO2_g/dCO_s	dO2_g/dO_s	dO2_g/dO-CO_s	dO2_g/dO-O_s
1000.0	3.0	-0.023194136352019654	-0.020725537437782823	0.021129405754997613	0.979073311414218	-0.023194136352019654	-0.020725537437782823	0.021129405754997613	0.979073311414218	-0.023194136352019654	-0.020725537437782823	0.021129405754997613	0.979073311414218
1000.0	2.2142857142857135	-0.0036047409265489837	-0.020930875986264797	0.021340544526736283	0.97886414892673	-0.0036047409265489837	-0.020930875986264797	0.021340544526736283	0.97886414892673	-0.0036047409265489837	-0.020930875986264797	0.021340544526736283	0.97886414892673
1000.0	1.4285714285714288	-0.00035900743745191155	-0.020964641514920647	0.021385971558391045	0.9788191494190105	-0.00035900743745191155	-0.020964641514920647	0.021385971558391045	0.9788191494190105	-0.00035900743745191155	-0.020964641514920647	0.021385971558391045	0.9788191494190105
1000.0	0.6428571428571423	0.00017444397933107786	-0.02096862380859073	0.021457208039489813	0.9787485948454687	0.00017444397933107786	-0.02096862380859073	0.021457208039489813	0.9787485948454687	0.00017444397933107786	-0.02096862380859073	0.021457208039489813	0.9787485948454687
1000.0	-0.14285714285714324	0.0002669007283807925	-0.02095976585593716	0.021858026135997587	0.9783516209080897	0.0002669007283807925	-0.02095976585593716	0.021858026135997587	0.9783516209080897	0.0002669007283807925	-0.02095976585593716	0.021858026135997587	0.9783516209080897
1000.0	-0.9285714285714288	0.00031277683111070935	-0.020900469596795018	0.024289034951956202	0.9759439286784123	0.00031277683111070935	-0.020900469596795018	0.024289034951956202	0.9759439286784123	0.00031277683111070935	-0.020900469596795018	0.024289034951956202	0.9759439286784123
1000.0	-1.7142857142857144	0.0005029588300985402	-0.02054556576943128	0.03874671778184261	0.9616249146517731	0.0005029588300985402	-0.02054556576943128	0.03874671778184261	0.9616249146517731	0.0005029588300985402	-0.02054556576943128	0.03874671778184261	0.9616249146517731
1000.0	-2.5	0.0014931318734644505	-0.0186346880945843	0.1149291405938016	0.8861731940771079	0.0014931318734644505	-0.0186346880945843	0.1149291405938016	0.8861731940771079	0.0014931318734644505	-0.0186346880945843	0.1149291405938016	0.8861731940771079
1000.0	-3.2857142857142856	0.004713649317308963	-0.011846239021693641	0.36281219062966497	0.640667841317979	0.004713649317308963	-0.011846239021693641	0.36281219062966497	0.640667841317979	0.004713649317308963	-0.011846239021693641	0.36281219062966497	0.640667841317979
1000.0	-4.071428571428571	0.008833800360535255	-0.0012714359698267348	0.6799791286608599	0.32654361091467127	0.008833800360535255	-0.0012714359698267348	0.6799791286608599	0.32654361091467127	0.008833800360535255	-0.0012714359698267348	0.6799791286608599	0.32654361091467127
1000.0	-4.857142857142858	0.011258877196996881	0.006590039868728611	0.86668999005729	0.14162432317571835	0.011258877196996881	0.006590039868728611	0.86668999005729	0.14162432317571835	0.011258877196996881	0.006590039868728611	0.86668999005729	0.14162432317571835
1000.0	-5.642857142857142	0.012323861386195309	0.010631541307489566	0.9486956779755823	0.06040565493652616	0.012323861386195309	0.010631541307489566	0.9486956779755823	0.06040565493652616	0.012323861386195309	0.010631541307489566	0.9486956779755823	0.06040565493652616
1000.0	-6.428571428571429	0.01276214517662768	0.01242858245744421	0.9824467560262583	0.026978522192585022	0.01276214517662768	0.01242858245744421	0.9824467560262583	0.026978522192585022	0.01276214517662768	0.01242858245744421	0.9824467560262583	0.026978522192585022
1000.0	-7.214285714285714	0.012940222685763026	0.013183712545638259	0.996160491958258	0.01339641761969079	0.012940222685763026	0.013183712545638259	0.996160491958258	0.01339641761969079	0.012940222685763026	0.013183712545638259	0.996160491958258	0.01339641761969079
1000.0	-8.0	0.013012373556628473	0.013493977391473325	1.0017169041856595	0.007893339664656348	0.013012373556628473	0.013493977391473325	1.0017169041856595	0.007893339664656348	0.013012373556628473	0.013493977391473325	1.0017169041856595	0.007893339664656348
957.1428571428571	3.0	-0.04984760632423421	-0.017546630751284754	0.017888322584465485	0.9822833407072271	-0.04984760632423421	-0.017546630751284754	0.017888322584465485	0.9822833407072271	-0.04984760632423421	-0.017546630751284754	0.017888322584465485	0.9822833407072271
957.1428571428571	2.2142857142857135	-0.008140625081086495	-0.017921883832787637	0.01827123000408919	0.9819040459657539	-0.008140625081086495	-0.017921883832787637	0.01827123000408919	0.9819040459657539	-0.008140625081086495	-0.017921883832787637	0.01827123000408919	0.9819040459657539
957.1428571428571	1.4285714285714288	-0.001138817926023053	-0.017984835197968143	0.018337533866260507	0.9818383677356722	-0.001138817926023053	-0.017984835197968143	0.018337533866260507	0.9818383677356722	-0.001138817926023053	-0.017984835197968143	0.018337533866260507	0.9818383677356722
957.1428571428571	0.6428571428571423	1.2858351115660177e-05	-0.017994905722577715	0.0183607855467303	0.9818153373795835	1.2858351115660177e-05	-0.017994905722577715	0.0183607855467303	0.9818153373795835	1.2858351115660177e-05	-0.017994905722577715	0.0183607855467303	0.9818153373795835
957.1428571428571	-0.14285714285714324	0.00020259648883120705	-0.0179948318818322	0.01843997856123486	0.9817369037301197	0.00020259648883120705	-0.0179948318818322	0.01843997856123486	0.9817369037301197	0.00020259648883120705	-0.0179948318818322	0.01843997856123486	0.9817369037301197
957.1428571428571	-0.9285714285714288	0.00023965112472684025	-0.017984299352762283	0.018912800101328845	0.9812686176077269	0.00023965112472684025	-0.017984299352762283	0.018912800101328845	0.9812686176077269	0.00023965112472684025	-0.017984299352762283	0.018912800101328845	0.9812686176077269
957.1428571428571	-1.7142857142857144	0.0002820043473165917	-0.017918633001108568	0.021783143773854804	0.9784258072398396	0.0002820043473165917	-0.017918633001108568	0.021783143773854804	0.9784258072398396	0.0002820043473165917	-0.017918633001108568	0.021783143773854804	0.9784258072398396
957.1428571428571	-2.5	0.0005036095605758804	-0.01752797156305405	0.03877703390371472	0.961594928535895	0.0005036095605758804	-0.01752797156305405	0.03877703390371472	0.961594928535895	0.0005036095605758804	-0.01752797156305405	0.03877703390371472	0.961594928535895
957.1428571428571	-3.2857142857142856	0.001640290539949698	-0.015470572063026478	0.12626143054526476	0.8749497206341253	0.001640290539949698	-0.015470572063026478	0.12626143054526476	0.8749497206341253	0.001640290539949698	-0.015470572063026478	0.12626143054526476	0.8749497206341253
957.1428571428571	-4.071428571428571	0.005085913269718943	-0.008650953955940458	0.3914901292487163	0.6122653047737466	0.005085913269718943	-0.008650953955940458	0.3914901292487163	0.6122653047737466	0.005085913269718943	-0.008650953955940458	0.3914901292487163	0.6122653047737466
957.1428571428571	-4.857142857142858	0.0091237802251089	0.0010218612437977422	0.7023295807839435	0.3044079393395253	0.0091237802251089	0.0010218612437977422	0.7023295807839435	0.3044079393395253	0.0091237802251089	0.0010218612437977422	0.7023295807839435	0.3044079393395253
957.1428571428571	-5.642857142857142	0.011395158863568958	0.00778315891803211	0.8771992908224592	0.13121608135857807	0.011395158863568958	0.00778315891803211	0.8771992908224592	0.13121608135857807	0.011395158863568958	0.00778315891803211	0.8771992908224592	0.13121608135857807
957.1428571428571	-6.428571428571429	0.012380826132803785	0.011166057646736414	0.9530898052665032	0.05605379921559684	0.012380826132803785	0.011166057646736414	0.9530898052665032	0.05605379921559684	0.012380826132803785	0.011166057646736414	0.9530898052665032	0.05605379921559684
957.1428571428571	-7.214285714285714	0.012785389053915868	0.012653943497551607	0.9842399892295367	0.025202543215113584	0.012785389053915868	0.012653943497551607	0.9842399892295367	0.025202543215113584	0.012785389053915868	0.012653943497551607	0.9842399892295367	0.025202543215113584
957.1428571428571	-8.0	0.012949653430592244	0.013276437475811774	0.996888105611858	0.012675805534797233	0.012949653430592244	0.013276437475811774	0.996888105611858	0.012675805534797233	0.012949653430592244	0.013276437475811774	0.996888105611858	0.012675805534797233
914.2857142857142	3.0	-0.11161306993823221	-0.014364001468715267	0.01464367233553769	0.9854968920748243	-0.11161306993823221	-0.014364001468715267	0.01464367233553769	0.9854968920748243	-0.11161306993823221	-0.014364001468715267	0.01464367233553769	0.9854968920748243
914.2857142857142	2.2142857142857135	-0.019010618517984402	-0.015068379538657587	0.0153618224142164	0.9847855589277927	-0.019010618517984402	-0.015068379538657587	0.0153618224142164	0.9847855589277927	-0.019010618517984402	-0.015068379538657587	0.0153618224142164	0.9847855589277927
914.2857142857142	1.4285714285714288	-0.0029707160222144546	-0.015190379357954644	0.01548655248451695	0.9846620121454238	-0.0029707160222144546	-0.015190379357954644	0.01548655248451695	0.9846620121454238	-0.0029707160222144546	-0.015190379357954644	0.01548655248451695	0.9846620121454238
914.2857142857142	0.6428571428571423	-0.0003187348001555466	-0.015210505969157047	0.015509238233622326	0.9846395418096662	-0.0003187348001555466	-0.015210505969157047	0.015509238233622326	0.9846395418096662	-0.0003187348001555466	-0.015210505969157047	0.015509238233622326	0.9846395418096662
914.2857142857142	-0.14285714285714324	0.00011646667232355713	-0.015213537635332976	0.015525560759301263	0.9846233755023748	0.00011646667232355713	-0.015213537635332976	0.015525560759301263	0.9846233755023748	0.00011646667232355713	-0.015213537635332976	0.015525560759301263	0.9846233755023748
914.2857142857142	-0.9285714285714288	0.00018876543744012666	-0.0152123862835818	0.015605161374459026	0.9845445384342896	0.00018876543744012666	-0.0152123862835818	0.015605161374459026	0.9845445384342896	0.00018876543744012666	-0.0152123862835818	0.015605161374459026	0.9845445384342896
914.2857142857142	-1.7142857142857144	0.00020670378215206588	-0.01520214346833479	0.016087458802027034	0.9840668676634907	0.00020670378215206588	-0.01520214346833479	0.016087458802027034	0.9840668676634907	0.00020670378215206588	-0.01520214346833479	0.016087458802027034	0.9840668676634907
914.2857142857142	-2.5	0.0002466632859510928	-0.015139367173341233	0.019016254381140785	0.9811661679458183	0.0002466632859510928	-0.015139367173341233	0.019016254381140785	0.9811661679458183	0.0002466632859510928	-0.015139367173341233	0.019016254381140785	0.9811661679458183
914.2857142857142	-3.2857142857142856	0.0004721273793857175	-0.0147663853656277	0.03634774383770058	0.9640009391848643	0.0004721273793857175	-0.0147663853656277	0.03634774383770058	0.9640009391848643	0.0004721273793857175	-0.0147663853656277	0.03634774383770058	0.9640009391848643
914.2857142857142	-4.071428571428571	0.0016283193480003493	-0.012810896735080492	0.1253445452430723	0.8758578869026327	0.0016283193480003493	-0.012810896735080492	0.1253445452430723	0.8758578869026327	0.0016283193480003493	-0.012810896735080492	0.1253445452430723	0.8758578869026327
914.2857142857142	-4.857142857142858	0.005107242320647485	-0.006425892556787649	0.3931467260427699	0.6106247939693376	0.005107242320647485	-0.006425892556787649	0.3931467260427699	0.6106247939693376	0.005107242320647485	-0.006425892556787649	0.3931467260427699	0.6106247939693376
914.2857142857142	-5.642857142857142	0.0091466058663214	0.0024137302737038723	0.7041030980227327	0.30265164974119113	0.0091466058663214	0.0024137302737038723	0.7041030980227327	0.30265164974119113	0.0091466058663214	0.0024137302737038723	0.7041030980227327	0.30265164974119113
914.2857142857142	-6.428571428571429	0.011406939335773584	0.00846938590009121	0.8781162015159015	0.13030809763349666	0.011406939335773584	0.00846938590009121	0.8781162015159015	0.13030809763349666	0.011406939335773584	0.00846938590009121	0.8781162015159015	0.13030809763349666
914.2857142857142	-7.214285714285714	0.012385959513432887	0.011467432950719041	0.9534897587468523	0.05565774485328702	0.012385959513432887	0.011467432950719041	0.9534897587468523	0.05565774485328702	0.012385959513432887	0.011467432950719041	0.9534897587468523	0.05565774485328702
914.2857142857142	-8.0	0.012787521793972639	0.012780034594745937	0.9844062336184951	0.025037920525257162	0.012787521793972639	0.012780034594745937	0.9844062336184951	0.025037920525257162	0.012787521793972639	0.012780034594745937	0.9844062336184951	0.025037920525257162
871.4285714285713	3.0	-0.25591298899076814	-0.011023319872756194	0.011237939656879881	0.9888699685917562	-0.25591298899076814	-0.011023319872756194	0.011237939656879881	0.9888699685917562	-0.25591298899076814	-0.011023319872756194	0.011237939656879881	0.9888699685917562
871.4285714285713	2.2142857142857135	-0.04680463454459436	-0.012344966660259511	0.012585326407598015	0.9875354293634874	-0.04680463454459436	-0.012344966660259511	0.012585326407598015	0.9875354293634874	-0.04680463454459436	-0.012344966660259511	0.012585326407598015	0.9875354293634874
871.4285714285713	1.4285714285714288	-0.007680210259592926	-0.012592247388375265	0.012837471642092653	0.9872856862255472	-0.007680210259592926	-0.012592247388375265	0.012837471642092653	0.9872856862255472	-0.007680210259592926	-0.012592247388375265	0.012837471642092653	0.9872856862255472
871.4285714285713	0.6428571428571423	-0.0011221638974848692	-0.012633690771272828	0.012880027676636149	0.9872435355601977	-0.0011221638974848692	-0.012633690771272828	0.012880027676636149	0.9872435355601977	-0.0011221638974848692	-0.012633690771272828	0.012880027676636149	0.9872435355601977
871.4285714285713	-0.14285714285714324	-4.388546047603651e-05	-0.012640469014699902	0.012888804737891897	0.9872348422240901	-4.388546047603651e-05	-0.012640469014699902	0.012888804737891897	0.9872348422240901	-4.388546047603651e-05	-0.012640469014699902	0.012888804737891897	0.9872348422240901
871.4285714285713	-0.9285714285714288	0.00013297716363334697	-0.012641361573913273	0.012901112314762537	0.987222652640082	0.00013297716363334697	-0.012641361573913273	0.012901112314762537	0.987222652640082	0.00013297716363334697	-0.012641361573913273	0.012901112314762537	0.987222652640082
871.4285714285713	-1.7142857142857144	0.0001628103171620704	-0.012640174841986134	0.012969481292861058	0.987154939537204	0.0001628103171620704	-0.012640174841986134	0.012969481292861058	0.987154939537204	0.0001628103171620704	-0.012640174841986134	0.012969481292861058	0.987154939537204
871.4285714285713	-2.5	0.00017295540184503216	-0.012631847779319322	0.013385487308413511	0.9867429244138407	0.00017295540184503216	-0.012631847779319322	0.013385487308413511	0.9867429244138407	0.00017295540184503216	-0.012631847779319322	0.013385487308413511	0.9867429244138407
871.4285714285713	-3.2857142857142856	0.00020657653577207615	-0.012581033137094053	0.015913846444494978	0.9842388207312733	0.00020657653577207615	-0.012581033137094053	0.015913846444494978	0.9842388207312733	0.00020657653577207615	-0.012581033137094053	0.015913846444494978	0.9842388207312733
871.4285714285713	-4.071428571428571	0.00040190582876243935	-0.012278129542515136	0.030940395597106835	0.9693564267003131	0.00040190582876243935	-0.012278129542515136	0.030940395597106835	0.9693564267003131	0.00040190582876243935	-0.012278129542515136	0.030940395597106835	0.9693564267003131
871.4285714285713	-4.857142857142858	0.0014266070543470166	-0.010662317384731168	0.10981985420681806	0.8912336890150383	0.0014266070543470166	-0.010662317384731168	0.10981985420681806	0.8912336890150383	0.0014266070543470166	-0.010662317384731168	0.10981985420681806	0.8912336890150383
871.4285714285713	-5.642857142857142	0.004720500583144699	-0.005112781945216573	0.36338396171577697	0.6401021434129315	0.004720500583144699	-0.005112781945216573	0.36338396171577697	0.6401021434129315	0.004720500583144699	-0.005112781945216573	0.36338396171577697	0.6401021434129315
871.4285714285713	-6.428571428571429	0.0088650353933761	0.003018711270499793	0.6824367839453364	0.32411022581440213	0.0088650353933761	0.003018711270499793	0.6824367839453364	0.32411022581440213	0.0088650353933761	0.003018711270499793	0.6824367839453364	0.32411022581440213
871.4285714285713	-7.214285714285714	0.011277978899197079	0.008731355888004085	0.8681941420847274	0.14013503929409468	0.011277978899197079	0.008731355888004085	0.8681941420847274	0.14013503929409468	0.011277978899197079	0.008731355888004085	0.8681941420847274	0.14013503929409468
871.4285714285713	-8.0	0.012332669225002571	0.011577248169693178	0.949389967708891	0.05971823714640477	0.012332669225002571	0.011577248169693178	0.949389967708891	0.05971823714640477	0.012332669225002571	0.011577248169693178	0.949389967708891	0.05971823714640477
828.5714285714286	3.0	-0.5671460962811797	-0.007376154903332505	0.007519764903317235	0.9925524655285412	-0.5671460962811797	-0.007376154903332505	0.007519764903317235	0.9925524655285412	-0.5671460962811797	-0.007376154903332505	0.007519764903317235	0.9925524655285412
828.5714285714286	2.2142857142857135	-0.1216660622214113	-0.009669430597600694	0.009857690409207929	0.9902369051294528	-0.1216660622214113	-0.009669430597600694	0.009857690409207929	0.9902369051294528	-0.1216660622214113	-0.009669430597600694	0.009857690409207929	0.9902369051294528
828.5714285714286	1.4285714285714288	-0.02088399808158592	-0.010188243967576461	0.010386610620776702	0.9897130386559168	-0.02088399808158592	-0.010188243967576461	0.010386610620776702	0.9897130386559168	-0.02088399808158592	-0.010188243967576461	0.010386610620776702	0.9897130386559168
828.5714285714286	0.6428571428571423	-0.003337077486481421	-0.010278572661358105	0.010478733506901169	0.9896217957614435	-0.003337077486481421	-0.010278572661358105	0.010478733506901169	0.9896217957614435	-0.003337077486481421	-0.010278572661358105	0.010478733506901169	0.9896217957614435
828.5714285714286	-0.14285714285714324	-0.00043337809744505625	-0.010293516509735059	0.01049418529432755	0.9896064915771997	-0.00043337809744505625	-0.010293516509735059	0.01049418529432755	0.9896064915771997	-0.00043337809744505625	-0.010293516509735059	0.01049418529432755	0.9896064915771997
828.5714285714286	-0.9285714285714288	4.3038550783252886e-05	-0.010295944419042805	0.01049798528359771	0.989602727939103	4.3038550783252886e-05	-0.010295944419042805	0.01049798528359771	0.989602727939103	4.3038550783252886e-05	-0.010295944419042805	0.01049798528359771	0.989602727939103
828.5714285714286	-1.7142857142857144	0.00012119249095988641	-0.010296196407917065	0.010506330562906901	0.9895944627037666	0.00012119249095988641	-0.010296196407917065	0.010506330562906901	0.9895944627037666	0.00012119249095988641	-0.010296196407917065	0.010506330562906901	0.9895944627037666
828.5714285714286	-2.5	0.00013460630176772466	-0.010295347658586444	0.010554843924454495	0.989546414756017	0.00013460630176772466	-0.010295347658586444	0.010554843924454495	0.989546414756017	0.00013460630176772466	-0.010295347658586444	0.010554843924454495	0.989546414756017
828.5714285714286	-3.2857142857142856	0.00014054059214759442	-0.010289777304466915	0.010850484909069034	0.9892536100250703	0.00014054059214759442	-0.010289777304466915	0.010850484909069034	0.9892536100250703	0.00014054059214759442	-0.010289777304466915	0.010850484909069034	0.9892536100250703
828.5714285714286	-4.071428571428571	0.00016425593683371461	-0.01025580195485169	0.012649708573588676	0.9874716473490748	0.00016425593683371461	-0.01025580195485169	0.012649708573588676	0.9874716473490748	0.00016425593683371461	-0.01025580195485169	0.012649708573588676	0.9874716473490748
828.5714285714286	-4.857142857142858	0.0003043007048162625	-0.010051934686831639	0.023426131274984913	0.9767986090906132	0.0003043007048162625	-0.010051934686831639	0.023426131274984913	0.9767986090906132	0.0003043007048162625	-0.010051934686831639	0.023426131274984913	0.9767986090906132
828.5714285714286	-5.642857142857142	0.0010699238860448655	-0.008925575891460154	0.08236368154112558	0.9184264812322873	0.0010699238860448655	-0.008925575891460154	0.08236368154112558	0.9184264812322873	0.0010699238860448655	-0.008925575891460154	0.08236368154112558	0.9184264812322873
828.5714285714286	-6.428571428571429	0.0038901667317646194	-0.004582488089455782	0.29946863605107293	0.7034043496154956	0.0038901667317646194	-0.004582488089455782	0.29946863605107293	0.7034043496154956	0.0038901667317646194	-0.004582488089455782	0.29946863605107293	0.7034043496154956
828.5714285714286	-7.214285714285714	0.008175326896134018	0.0028573935281082817	0.6293471480289902	0.3766906022809408	0.008175326896134018	0.0028573935281082817	0.6293471480289902	0.3766906022809408	0.008175326896134018	0.0028573935281082817	0.6293471480289902	0.3766906022809408
828.5714285714286	-8.0	0.010949509098613783	0.008565675234111078	0.8429110146626926	0.16517564634370305	0.010949509098613783	0.008565675234111078	0.8429110146626926	0.16517564634370305	0.010949509098613783	0.008565675234111078	0.8429110146626926	0.16517564634370305
785.7142857142857	3.0	-1.080987382104106	-0.003764659918582553	0.003837955862227686	0.9961989141976803	-1.080987382104106	-0.003764659918582553	0.003837955862227686	0.9961989141976803	-1.080987382104106	-0.003764659918582553	0.003837955862227686	0.9961989141976803
785.7142857142857	2.2142857142857135	-0.32300816915183767	-0.0068696594180996	0.007003408139040248	0.9930638076106757	-0.32300816915183767	-0.0068696594180996	0.007003408139040248	0.9930638076106757	-0.32300816915183767	-0.0068696594180996	0.007003408139040248	0.9930638076106757
785.7142857142857	1.4285714285714288	-0.06108057075888981	-0.0079426242161425	0.008097263531291865	0.9919804250755319	-0.06108057075888981	-0.0079426242161425	0.008097263531291865	0.9919804250755319	-0.06108057075888981	-0.0079426242161425	0.008097263531291865	0.9919804250755319
785.7142857142857	0.6428571428571423	-0.010176733720469143	-0.00815114752576006	0.008309849977385151	0.9917698731879204	-0.010176733720469143	-0.00815114752576006	0.008309849977385151	0.9917698731879204	-0.010176733720469143	-0.00815114752576006	0.008309849977385151	0.9917698731879204
785.7142857142857	-0.14285714285714324	-0.0015833834609269124	-0.008186349122722444	0.008345757069657388	0.9917343097192276	-0.0015833834609269124	-0.008186349122722444	0.008345757069657388	0.9917343097192276	-0.0015833834609269124	-0.008186349122722444	0.008345757069657388	0.9917343097192276
785.7142857142857	-0.9285714285714288	-0.0001688034068365055	-0.008192141677457469	0.00835178535865428	0.9917283391218288	-0.0001688034068365055	-0.008192141677457469	0.00835178535865428	0.9917283391218288	-0.0001688034068365055	-0.008192141677457469	0.00835178535865428	0.9917283391218288
785.7142857142857	-1.7142857142857144	6.308997887618941e-05	-0.008193078448207342	0.00835349106455097	0.9917266497566609	6.308997887618941e-05	-0.008193078448207342	0.00835349106455097	0.9917266497566609	6.308997887618941e-05	-0.008193078448207342	0.00835349106455097	0.9917266497566609
785.7142857142857	-2.5	0.0001011336834818384	-0.00819315393626885	0.008358151291623487	0.9917220342345563	0.0001011336834818384	-0.00819315393626885	0.008358151291623487	0.9917220342345563	0.0001011336834818384	-0.00819315393626885	0.008358151291623487	0.9917220342345563
785.7142857142857	-3.2857142857142856	0.00010771240227482859	-0.008192690308684874	0.008385659992128458	0.9916947894434268	0.00010771240227482859	-0.008192690308684874	0.008385659992128458	0.9916947894434268	0.00010771240227482859	-0.008192690308684874	0.008385659992128458	0.9916947894434268
785.7142857142857	-4.071428571428571	0.00011091047175260663	-0.008189709054169016	0.008553407881526866	0.9915286508755152	0.00011091047175260663	-0.008189709054169016	0.008553407881526866	0.9915286508755152	0.00011091047175260663	-0.008189709054169016	0.008553407881526866	0.9915286508755152
785.7142857142857	-4.857142857142858	0.00012435726810604026	-0.00817151265414689	0.009575712781068516	0.9905161536543823	0.00012435726810604026	-0.00817151265414689	0.009575712781068516	0.9905161536543823	0.00012435726810604026	-0.00817151265414689	0.009575712781068516	0.9905161536543823
785.7142857142857	-5.642857142857142	0.00020458454694917652	-0.008061523261201568	0.01574961670602094	0.9844014802648946	0.00020458454694917652	-0.008061523261201568	0.01574961670602094	0.9844014802648946	0.00020458454694917652	-0.008061523261201568	0.01574961670602094	0.9844014802648946
785.7142857142857	-6.428571428571429	0.0006637842049793687	-0.007428604196382223	0.05109911094036669	0.9493911182819464	0.0006637842049793687	-0.007428604196382223	0.05109911094036669	0.9493911182819464	0.0006637842049793687	-0.007428604196382223	0.05109911094036669	0.9493911182819464
785.7142857142857	-7.214285714285714	0.0026865292020211546	-0.004569533293864841	0.2068129549761203	0.7951711470069286	0.0026865292020211546	-0.004569533293864841	0.2068129549761203	0.7951711470069286	0.0026865292020211546	-0.004569533293864841	0.2068129549761203	0.7951711470069286
785.7142857142857	-8.0	0.00688822536761169	0.0018687029173307635	0.5302666486393449	0.47482058477030065	0.00688822536761169	0.0018687029173307635	0.5302666486393449	0.47482058477030065	0.00688822536761169	0.0018687029173307635	0.5302666486393449	0.47482058477030065
742.8571428571429	3.0	-1.593058811208363	-0.001290757866803739	0.0013158882371730992	0.9986967497017467	-1.593058811208363	-0.001290757866803739	0.0013158882371730992	0.9986967497017467	-1.593058811208363	-0.001290757866803739	0.0013158882371730992	0.9986967497017467
742.8571428571429	2.2142857142857135	-0.7813450050968674	-0.0038653951427340774	0.003940652337768121	0.9960971733242923	-0.7813450050968674	-0.0038653951427340774	0.003940652337768121	0.9960971733242923	-0.7813450050968674	-0.0038653951427340774	0.003940652337768121	0.9960971733242923
742.8571428571429	1.4285714285714288	-0.19001087189452653	-0.005741020325811794	0.005852794984073526	0.9942033625012819	-0.19001087189452653	-0.005741020325811794	0.005852794984073526	0.9942033625012819	-0.19001087189452653	-0.005741020325811794	0.005852794984073526	0.9942033625012819
742.8571428571429	0.6428571428571423	-0.03373969260013088	-0.006236689586163209	0.006358114896514685	0.9937028846628603	-0.03373969260013088	-0.006236689586163209	0.006358114896514685	0.9937028846628603	-0.03373969260013088	-0.006236689586163209	0.006358114896514685	0.9937028846628603
742.8571428571429	-0.14285714285714324	-0.005535416113850288	-0.006326149390948308	0.006449317872285684	0.9936125555023726	-0.005535416113850288	-0.006326149390948308	0.006449317872285684	0.9936125555023726	-0.005535416113850288	-0.006326149390948308	0.006449317872285684	0.9936125555023726
742.8571428571429	-0.9285714285714288	-0.0008385569061673098	-0.006341046993899426	0.006464514292031636	0.9935975046763093	-0.0008385569061673098	-0.006341046993899426	0.006464514292031636	0.9935975046763093	-0.0008385569061673098	-0.006341046993899426	0.006464514292031636	0.9935975046763093
742.8571428571429	-1.7142857142857144	-6.715143384832635e-05	-0.006343492889891796	0.0064670613428565015	0.9935949820288146	-6.715143384832635e-05	-0.006343492889891796	0.0064670613428565015	0.9935949820288146	-6.715143384832635e-05	-0.006343492889891796	0.0064670613428565015	0.9935949820288146
742.8571428571429	-2.5	5.925738709385482e-05	-0.006343888412242689	0.006467791415527516	0.9935942589549602	5.925738709385482e-05	-0.006343888412242689	0.006467791415527516	0.9935942589549602	5.925738709385482e-05	-0.006343888412242689	0.006467791415527516	0.9935942589549602
742.8571428571429	-3.2857142857142856	7.99881320512016e-05	-0.006343921027780143	0.006469820208195881	0.9935922496251495	7.99881320512016e-05	-0.006343921027780143	0.006469820208195881	0.9935922496251495	7.99881320512016e-05	-0.006343921027780143	0.006469820208195881	0.9935922496251495
742.8571428571429	-4.071428571428571	8.353506426184283e-05	-0.006343729953068711	0.006481808745556383	0.9935803761026707	8.353506426184283e-05	-0.006343729953068711	0.006481808745556383	0.9935803761026707	8.353506426184283e-05	-0.006343729953068711	0.006481808745556383	0.9935803761026707
742.8571428571429	-4.857142857142858	8.50403477064045e-05	-0.006342499599829409	0.0065549290683020855	0.9935079572779625	8.50403477064045e-05	-0.006342499599829409	0.0065549290683020855	0.9935079572779625	8.50403477064045e-05	-0.006342499599829409	0.0065549290683020855	0.9935079572779625
742.8571428571429	-5.642857142857142	9.092580925308856e-05	-0.006334982831867346	0.007000998661143965	0.9930661671650617	9.092580925308856e-05	-0.006334982831867346	0.007000998661143965	0.9930661671650617	9.092580925308856e-05	-0.006334982831867346	0.007000998661143965	0.9930661671650617
742.8571428571429	-6.428571428571429	0.00012615040819566241	-0.00628929224086061	0.0097115024779725	0.9903816672431194	0.00012615040819566241	-0.00628929224086061	0.0097115024779725	0.9903816672431194	0.00012615040819566241	-0.00628929224086061	0.0097115024779725	0.9903816672431194
742.8571428571429	-7.214285714285714	0.00033506232280332174	-0.006017702046226031	0.025793717747639257	0.9744537407260381	0.00033506232280332174	-0.006017702046226031	0.025793717747639257	0.9744537407260381	0.00033506232280332174	-0.006017702046226031	0.025793717747639257	0.9744537407260381
742.8571428571429	-8.0	0.0014222931283540026	-0.004589866485673826	0.1094906229138449	0.8915598029294755	0.0014222931283540026	-0.004589866485673826	0.1094906229138449	0.8915598029294755	0.0014222931283540026	-0.004589866485673826	0.1094906229138449	0.8915598029294755
700.0	3.0	-1.874014926068144	-0.00042822923322215645	0.00043656662871545475	0.9995676243639173	-1.874014926068144	-0.00042822923322215645	0.00043656662871545475	0.9995676243639173	-1.874014926068144	-0.00042822923322215645	0.00043656662871545475	0.9995676243639173
700.0	2.2142857142857135	-1.4179807161613784	-0.0019783111011736506	0.0020168277666376636	0.998002530558599	-1.4179807161613784	-0.0019783111011736506	0.0020168277666376636	0.998002530558599	-1.4179807161613784	-0.0019783111011736506	0.0020168277666376636	0.998002530558599
700.0	1.4285714285714288	-0.5704119334128686	-0.004859237474449881	0.00495384424694721	0.995093691024336	-0.5704119334128686	-0.004859237474449881	0.00495384424694721	0.995093691024336	-0.5704119334128686	-0.004859237474449881	0.00495384424694721	0.995093691024336
700.0	0.6428571428571423	-0.12262107693740745	-0.00638129974845908	0.006505540281413431	0.9935568749753703	-0.12262107693740745	-0.00638129974845908	0.006505540281413431	0.9935568749753703	-0.12262107693740745	-0.00638129974845908	0.006505540281413431	0.9935568749753703
700.0	-0.14285714285714324	-0.021095651221367643	-0.006726389462451683	0.006857348815725338	0.9932084394766086	-0.021095651221367643	-0.006726389462451683	0.006857348815725338	0.9932084394766086	-0.021095651221367643	-0.006726389462451683	0.006857348815725338	0.9932084394766086
700.0	-0.9285714285714288	-0.003410968373372687	-0.006786500523387354	0.006918630861158068	0.9931477449613231	-0.003410968373372687	-0.006786500523387354	0.006918630861158068	0.9931477449613231	-0.003410968373372687	-0.006786500523387354	0.006918630861158068	0.9931477449613231
700.0	-1.7142857142857144	-0.00048423589724555977	-0.006796448558022703	0.006928776572359271	0.9931376965195716	-0.00048423589724555977	-0.006796448558022703	0.006928776572359271	0.9931376965195716	-0.00048423589724555977	-0.006796448558022703	0.006928776572359271	0.9931376965195716
700.0	-2.5	-4.049945641455388e-06	-0.0067980803222861055	0.006930464488877382	0.9931360247856613	-4.049945641455388e-06	-0.0067980803222861055	0.006930464488877382	0.9931360247856613	-4.049945641455388e-06	-0.0067980803222861055	0.006930464488877382	0.9931360247856613
700.0	-3.2857142857142856	7.462324105333541e-05	-0.006798345230159538	0.006930883420352248	0.9931356098715364	7.462324105333541e-05	-0.006798345230159538	0.006930883420352248	0.9931356098715364	7.462324105333541e-05	-0.006798345230159538	0.006930883420352248	0.9931356098715364
700.0	-4.071428571428571	8.75209557559909e-05	-0.006798373769969882	0.006931821401129507	0.9931346808892378	8.75209557559909e-05	-0.006798373769969882	0.006931821401129507	0.9931346808892378	8.75209557559909e-05	-0.006798373769969882	0.006931821401129507	0.9931346808892378
700.0	-4.857142857142858	8.970242827726512e-05	-0.006798287772276599	0.006937282786607329	0.9931292718989814	8.970242827726512e-05	-0.006798287772276599	0.006937282786607329	0.9931292718989814	8.970242827726512e-05	-0.006798287772276599	0.006937282786607329	0.9931292718989814
700.0	-5.642857142857142	9.048066160392903e-05	-0.006797720126933047	0.006970581343517006	0.9930962928007174	9.048066160392903e-05	-0.006797720126933047	0.006970581343517006	0.9930962928007174	9.048066160392903e-05	-0.006797720126933047	0.006970581343517006	0.9930962928007174
700.0	-6.428571428571429	9.317714414316818e-05	-0.00679424859540159	0.007173802919666848	0.9928950208853665	9.317714414316818e-05	-0.00679424859540159	0.007173802919666848	0.9928950208853665	9.317714414316818e-05	-0.00679424859540159	0.007173802919666848	0.9928950208853665
700.0	-7.214285714285714	0.00010926886360955144	-0.006773095243813907	0.008411859406572622	0.9916688420260765	0.00010926886360955144	-0.006773095243813907	0.008411859406572622	0.9916688420260765	0.00010926886360955144	-0.006773095243813907	0.008411859406572622	0.9916688420260765
700.0	-8.0	0.00020617612822140645	-0.006645521132058313	0.015871843359866765	0.9842804274343318	0.00020617612822140645	-0.006645521132058313	0.015871843359866765	0.9842804274343318	0.00020617612822140645	-0.006645521132058313	0.015871843359866765	0.9842804274343318
657.1428571428571	3.0	-1.9703038410144933	-7.453678576272563e-05	7.598797733966459e-05	0.9999247412588433	-1.9703038410144933	-7.453678576272563e-05	7.598797733966459e-05	0.9999247412588433	-1.9703038410144933	-7.453678576272563e-05	7.598797733966459e-05	0.9999247412588433
657.1428571428571	2.2142857142857135	-1.8314682015167385	-0.0004230115604159755	0.0004312473705230375	0.9995728911069686	-1.8314682015167385	-0.0004230115604159755	0.0004312473705230375	0.9995728911069686	-1.8314682015167385	-0.0004230115604159755	0.0004312473705230375	0.9995728911069686
657.1428571428571	1.4285714285714288	-1.2805505666910366	-0.001805804183637908	0.0018409622307335788	0.9981767030960846	-1.2805505666910366	-0.001805804183637908	0.0018409622307335788	0.9981767030960846	-1.2805505666910366	-0.001805804183637908	0.0018409622307335788	0.9981767030960846
657.1428571428571	0.6428571428571423	-0.45141485719579777	-0.0038869187898136984	0.003962595032018103	0.9960754239282196	-0.45141485719579777	-0.0038869187898136984	0.003962595032018103	0.9960754239282196	-0.45141485719579777	-0.0038869187898136984	0.003962595032018103	0.9960754239282196
657.1428571428571	-0.14285714285714324	-0.09108766190139554	-0.0047913330817741535	0.004884617793149019	0.9951622448393327	-0.09108766190139554	-0.0047913330817741535	0.004884617793149019	0.9951622448393327	-0.09108766190139554	-0.0047913330817741535	0.004884617793149019	0.9951622448393327
657.1428571428571	-0.9285714285714288	-0.01545513918979857	-0.004981169250461386	0.00507814999520732	0.9949705687939933	-0.01545513918979857	-0.004981169250461386	0.00507814999520732	0.9949705687939933	-0.01545513918979857	-0.004981169250461386	0.00507814999520732	0.9949705687939933
657.1428571428571	-1.7142857142857144	-0.002492400817837385	-0.005013705470680167	0.005111319825702865	0.9949377170891149	-0.002492400817837385	-0.005013705470680167	0.005111319825702865	0.9949377170891149	-0.002492400817837385	-0.005013705470680167	0.005111319825702865	0.9949377170891149
657.1428571428571	-2.5	-0.00035308516389130894	-0.005019075097242171	0.0051167948958201126	0.9949322945292459	-0.00035308516389130894	-0.005019075097242171	0.0051167948958201126	0.9949322945292459	-0.00035308516389130894	-0.005019075097242171	0.0051167948958201126	0.9949322945292459
657.1428571428571	-3.2857142857142856	-2.251115859062579e-06	-0.005019955596320858	0.0051176980312793285	0.9949314000555817	-2.251115859062579e-06	-0.005019955596320858	0.0051176980312793285	0.9949314000555817	-2.251115859062579e-06	-0.005019955596320858	0.0051176980312793285	0.9949314000555817
657.1428571428571	-4.071428571428571	5.5223922573564415e-05	-0.005020099322750107	0.005117878096205415	0.9949312217177186	5.5223922573564415e-05	-0.005020099322750107	0.005117878096205415	0.9949312217177186	5.5223922573564415e-05	-0.005020099322750107	0.005117878096205415	0.9949312217177186
657.1428571428571	-4.857142857142858	6.464058448623119e-05	-0.005020119693188101	0.005118103639707371	0.99493099833796	6.464058448623119e-05	-0.005020119693188101	0.005118103639707371	0.99493099833796	6.464058448623119e-05	-0.005020119693188101	0.005118103639707371	0.99493099833796
657.1428571428571	-5.642857142857142	6.61984906604796e-05	-0.00502010366817584	0.005119337542694596	0.994929776272759	6.61984906604796e-05	-0.00502010366817584	0.005119337542694596	0.994929776272759	6.61984906604796e-05	-0.00502010366817584	0.005119337542694596	0.994929776272759
657.1428571428571	-6.428571428571429	6.654858853701348e-05	-0.00501998283523977	0.005126847475250165	0.9949223383888686	6.654858853701348e-05	-0.00501998283523977	0.005126847475250165	0.9949223383888686	6.654858853701348e-05	-0.00501998283523977	0.005126847475250165	0.9949223383888686
657.1428571428571	-7.214285714285714	6.718546416055191e-05	-0.005019241391475371	0.005172691121050536	0.9948769345570803	6.718546416055191e-05	-0.005019241391475371	0.005172691121050536	0.9948769345570803	6.718546416055191e-05	-0.005019241391475371	0.005172691121050536	0.9948769345570803
657.1428571428571	-8.0	7.082629141592893e-05	-0.005014716059998717	0.005452447518623476	0.9945998620818177	7.082629141592893e-05	-0.005014716059998717	0.005452447518623476	0.9945998620818177	7.082629141592893e-05	-0.005014716059998717	0.005452447518623476	0.9945998620818177
614.2857142857142	3.0	-1.9944350184622983	-9.874813752162412e-06	1.0067071123695336e-05	0.9999900295221139	-1.9944350184622983	-9.874813752162412e-06	1.0067071123695336e-05	0.9999900295221139	-1.9944350184622983	-9.874813752162412e-06	1.0067071123695336e-05	0.9999900295221139
614.2857142857142	2.2142857142857135	-1.9664994378510106	-5.944526671483703e-05	6.0602634439998774e-05	0.9999399788474648	-1.9664994378510106	-5.944526671483703e-05	6.0602634439998774e-05	0.9999399788474648	-1.9664994378510106	-5.944526671483703e-05	6.0602634439998774e-05	0.9999399788474648
614.2857142857142	1.4285714285714288	-1.8115784439906053	-0.00033434572231561796	0.00034085525569738085	0.999662415218142	-1.8115784439906053	-0.00033434572231561796	0.00034085525569738085	0.999662415218142	-1.8115784439906053	-0.00033434572231561796	0.00034085525569738085	0.999662415218142
614.2857142857142	0.6428571428571423	-1.223220344257033	-0.0013783611621098128	0.0014051971208196344	0.9986082851037196	-1.223220344257033	-0.0013783611621098128	0.0014051971208196344	0.9986082851037196	-1.223220344257033	-0.0013783611621098128	0.0014051971208196344	0.9986082851037196
614.2857142857142	-0.14285714285714324	-0.41005460033956076	-0.0028212878266919506	0.002876216800178244	0.9971513777437968	-0.41005460033956076	-0.0028212878266919506	0.002876216800178244	0.9971513777437968	-0.41005460033956076	-0.0028212878266919506	0.002876216800178244	0.9971513777437968
614.2857142857142	-0.9285714285714288	-0.08102381804739646	-0.00340513840349636	0.003471434637740304	0.9965618697463857	-0.08102381804739646	-0.00340513840349636	0.003471434637740304	0.9965618697463857	-0.08102381804739646	-0.00340513840349636	0.003471434637740304	0.9965618697463857
614.2857142857142	-1.7142857142857144	-0.013697410405635577	-0.0035246061372678486	0.003593228348229829	0.9964412443558732	-0.013697410405635577	-0.0035246061372678486	0.003593228348229829	0.9964412443558732	-0.013697410405635577	-0.0035246061372678486	0.003593228348229829	0.9964412443558732
614.2857142857142	-2.5	-0.002217200156291258	-0.0035449772624837374	0.003613996109696113	0.9964206758105038	-0.002217200156291258	-0.0035449772624837374	0.003613996109696113	0.9964206758105038	-0.002217200156291258	-0.0035449772624837374	0.003613996109696113	0.9964206758105038
614.2857142857142	-3.2857142857142856	-0.0003242039760345521	-0.003548336298538847	0.003617420674304975	0.9964172840962247	-0.0003242039760345521	-0.003548336298538847	0.003617420674304975	0.9964172840962247	-0.0003242039760345521	-0.003548336298538847	0.003617420674304975	0.9964172840962247
614.2857142857142	-4.071428571428571	-1.3809350391394931e-05	-0.0035488870680146735	0.0036179829601125455	0.9964167272041756	-1.3809350391394931e-05	-0.0035488870680146735	0.0036179829601125455	0.9964167272041756	-1.3809350391394931e-05	-0.0035488870680146735	0.0036179829601125455	0.9964167272041756
614.2857142857142	-4.857142857142858	3.703923444818605e-05	-0.0035489772229211217	0.003618079712744112	0.9964166313796549	3.703923444818605e-05	-0.0035489772229211217	0.003618079712744112	0.9964166313796549	3.703923444818605e-05	-0.0035489772229211217	0.003618079712744112	0.9964166313796549
614.2857142857142	-5.642857142857142	4.536830655137554e-05	-0.0035489915527717134	0.0036181238867361207	0.9964165876294402	4.536830655137554e-05	-0.0035489915527717134	0.0036181238867361207	0.9964165876294402	4.536830655137554e-05	-0.0035489915527717134	0.0036181238867361207	0.9964165876294402
614.2857142857142	-6.428571428571429	4.67347732002988e-05	-0.0035489912317879808	0.00361830406656254	0.9964164091782179	4.67347732002988e-05	-0.0035489912317879808	0.00361830406656254	0.9964164091782179	4.67347732002988e-05	-0.0035489912317879808	0.00361830406656254	0.9964164091782179
614.2857142857142	-7.214285714285714	4.6972302213301154e-05	-0.0035489748895878555	0.003619389472319568	0.9964153341856141	4.6972302213301154e-05	-0.0035489748895878555	0.003619389472319568	0.9964153341856141	4.6972302213301154e-05	-0.0035489748895878555	0.003619389472319568	0.9964153341856141
614.2857142857142	-8.0	4.709494840530045e-05	-0.0035488727593149844	0.003626013833002947	0.9964087733776485	4.709494840530045e-05	-0.0035488727593149844	0.003626013833002947	0.9964087733776485	4.709494840530045e-05	-0.0035488727593149844	0.003626013833002947	0.9964087733776485
571.4285714285714	3.0	-1.9991823398931212	-9.724521435438142e-07	9.913852695433951e-07	0.9999990181269465	-1.9991823398931212	-9.724521435438142e-07	9.913852695433951e-07	0.9999990181269465	-1.9991823398931212	-9.724521435438142e-07	9.913852695433951e-07	0.9999990181269465
571.4285714285714	2.2142857142857135	-1.9950182540471673	-5.92484516029128e-06	6.040198744210613e-06	0.9999940177589433	-1.9950182540471673	-5.92484516029128e-06	6.040198744210613e-06	0.9999940177589433	-1.9950182540471673	-5.92484516029128e-06	6.040198744210613e-06	0.9999940177589433
571.4285714285714	1.4285714285714288	-1.9699663657798774	-3.571933093723574e-05	3.6414767311915836e-05	0.9999639346463072	-1.9699663657798774	-3.571933093723574e-05	3.6414767311915836e-05	0.9999639346463072	-1.9699663657798774	-3.571933093723574e-05	3.6414767311915836e-05	0.9999639346463072
571.4285714285714	0.6428571428571423	-1.8296895480770403	-0.00020255209041979683	0.00020649567188535042	0.9997954857119503	-1.8296895480770403	-0.00020255209041979683	0.00020649567188535042	0.9997954857119503	-1.8296895480770403	-0.00020255209041979683	0.00020649567188535042	0.9997954857119503
571.4285714285714	-0.14285714285714324	-1.2752621951473242	-0.0008619386286693601	0.0008787201153156565	0.9991297110544686	-1.2752621951473242	-0.0008619386286693601	0.0008787201153156565	0.9991297110544686	-1.2752621951473242	-0.0008619386286693601	0.0008787201153156565	0.9991297110544686
571.4285714285714	-0.9285714285714288	-0.4474384185201056	-0.0018464785354124662	0.001882428490385217	0.9981356318186957	-0.4474384185201056	-0.0018464785354124662	0.001882428490385217	0.9981356318186957	-0.4474384185201056	-0.0018464785354124662	0.001882428490385217	0.9981356318186957
571.4285714285714	-1.7142857142857144	-0.09012670923343111	-0.0022714332744164334	0.0023156568721767936	0.9977065592214254	-0.09012670923343111	-0.0022714332744164334	0.0023156568721767936	0.9977065592214254	-0.09012670923343111	-0.0022714332744164334	0.0023156568721767936	0.9977065592214254
571.4285714285714	-2.5	-0.015313901365908798	-0.002360408968225803	0.0024063648757115083	0.9976167213110559	-0.015313901365908798	-0.002360408968225803	0.0024063648757115083	0.9976167213110559	-0.015313901365908798	-0.002360408968225803	0.0024063648757115083	0.9976167213110559
571.4285714285714	-3.2857142857142856	-0.002498143141733465	-0.002375650890167987	0.0024219035515499502	0.9976013316848525	-0.002498143141733465	-0.002375650890167987	0.0024219035515499502	0.9976013316848525	-0.002498143141733465	-0.002375650890167987	0.0024219035515499502	0.9976013316848525
571.4285714285714	-4.071428571428571	-0.00038326691911738474	-0.0023781661355208547	0.0024244677782782474	0.9975987920545941	-0.00038326691911738474	-0.0023781661355208547	0.0024244677782782474	0.9975987920545941	-0.00038326691911738474	-0.0023781661355208547	0.0024244677782782474	0.9975987920545941
571.4285714285714	-4.857142857142858	-3.6445780571636564e-05	-0.0023785786127366497	0.002424888352670916	0.997598375514417	-3.6445780571636564e-05	-0.0023785786127366497	0.002424888352670916	0.997598375514417	-3.6445780571636564e-05	-0.0023785786127366497	0.002424888352670916	0.997598375514417
571.4285714285714	-5.642857142857142	2.037130716429508e-05	-0.002378646179986982	0.0024249576412144675	0.9975983068905007	2.037130716429508e-05	-0.002378646179986982	0.0024249576412144675	0.9975983068905007	2.037130716429508e-05	-0.002378646179986982	0.0024249576412144675	0.9975983068905007
571.4285714285714	-6.428571428571429	2.9677680741755145e-05	-0.0023786572119179413	0.002424971365471707	0.9975982932978926	2.9677680741755145e-05	-0.0023786572119179413	0.002424971365471707	0.9975982932978926	2.9677680741755145e-05	-0.0023786572119179413	0.002424971365471707	0.9975982932978926
571.4285714285714	-7.214285714285714	3.120216244034827e-05	-0.002378658803732949	0.002424988114659282	0.9975982767093903	3.120216244034827e-05	-0.002378658803732949	0.002424988114659282	0.9975982767093903	3.120216244034827e-05	-0.002378658803732949	0.002424988114659282	0.9975982767093903
571.4285714285714	-8.0	3.145300664962543e-05	-0.0023786577511359084	0.0024250793941940317	0.9975981863055716	3.145300664962543e-05	-0.0023786577511359084	0.0024250793941940317	0.9975981863055716	3.145300664962543e-05	-0.0023786577511359084	0.0024250793941940317	0.9975981863055716
528.5714285714286	3.0	-1.999910193429503	-6.699772618433017e-08	6.83021362778153e-08	0.9999999323528628	-1.999910193429503	-6.699772618433017e-08	6.83021362778153e-08	0.9999999323528628	-1.999910193429503	-6.699772618433017e-08	6.83021362778153e-08	0.9999999323528628
528.5714285714286	2.2142857142857135	-1.999451820422991	-4.0895431973180287e-07	4.1691644281885874e-07	0.9999995870846701	-1.999451820422991	-4.0895431973180287e-07	4.1691644281885874e-07	0.9999995870846701	-1.999451820422991	-4.0895431973180287e-07	4.1691644281885874e-07	0.9999995870846701
528.5714285714286	1.4285714285714288	-1.9966578199432286	-2.4933416480781894e-06	2.5418856837863854e-06	0.999997482511562	-1.9966578199432286	-2.4933416480781894e-06	2.5418856837863854e-06	0.999997482511562	-1.9966578199432286	-2.4933416480781894e-06	2.5418856837863854e-06	0.999997482511562
528.5714285714286	0.6428571428571423	-1.9797672618585067	-1.5094078654209334e-05	1.538795233723912e-05	0.9999847597449809	-1.9797672618585067	-1.5094078654209334e-05	1.538795233723912e-05	0.9999847597449809	-1.9797672618585067	-1.5094078654209334e-05	1.538795233723912e-05	0.9999847597449809
528.5714285714286	-0.14285714285714324	-1.8825376455167835	-8.762956378048069e-05	8.933566477812519e-05	0.9999115217838164	-1.8825376455167835	-8.762956378048069e-05	8.933566477812519e-05	0.9999115217838164	-1.8825376455167835	-8.762956378048069e-05	8.933566477812519e-05	0.9999115217838164
528.5714285714286	-0.9285714285714288	-1.448275868399628	-0.00041159863678641315	0.00041961224332005825	0.9995844148064421	-1.448275868399628	-0.00041159863678641315	0.00041961224332005825	0.9995844148064421	-1.448275868399628	-0.00041159863678641315	0.00041961224332005825	0.9995844148064421
528.5714285714286	-1.7142857142857144	-0.6013387839326493	-0.0010434327898398395	0.0010637478712683408	0.9989464589515078	-0.6013387839326493	-0.0010434327898398395	0.0010637478712683408	0.9989464589515078	-0.6013387839326493	-0.0010434327898398395	0.0010637478712683408	0.9989464589515078
528.5714285714286	-2.5	-0.13155907587884436	-0.0013938990398160525	0.001421037512724603	0.9985925960432953	-0.13155907587884436	-0.0013938990398160525	0.001421037512724603	0.9985925960432953	-0.13155907587884436	-0.0013938990398160525	0.001421037512724603	0.9985925960432953
528.5714285714286	-3.2857142857142856	-0.022786078975021093	-0.001475046147002427	0.0015037645109391312	0.9985106623637279	-0.022786078975021093	-0.001475046147002427	0.0015037645109391312	0.9985106623637279	-0.022786078975021093	-0.001475046147002427	0.0015037645109391312	0.9985106623637279
528.5714285714286	-4.071428571428571	-0.003751554643299487	-0.0014892463311477538	0.0015182411651929373	0.9984963245305668	-0.003751554643299487	-0.0014892463311477538	0.0015182411651929373	0.9984963245305668	-0.003751554643299487	-0.0014892463311477538	0.0015182411651929373	0.9984963245305668
528.5714285714286	-4.857142857142858	-0.0005989173689918114	-0.00149159826960108	0.00152063889510152	0.9984939497931075	-0.0005989173689918114	-0.00149159826960108	0.00152063889510152	0.9984939497931075	-0.0005989173689918114	-0.00149159826960108	0.00152063889510152	0.9984939497931075
528.5714285714286	-5.642857142857142	-8.159958854026015e-05	-0.0014919842002842285	0.0015210323424859995	0.998493560118588	-8.159958854026015e-05	-0.0014919842002842285	0.0015210323424859995	0.998493560118588	-8.159958854026015e-05	-0.0014919842002842285	0.0015210323424859995	0.998493560118588
528.5714285714286	-6.428571428571429	3.1570802569967212e-06	-0.0014920474304237169	0.0015210968209988282	0.9984934962583757	3.1570802569967212e-06	-0.0014920474304237169	0.0015210968209988282	0.9984934962583757	3.1570802569967212e-06	-0.0014920474304237169	0.0015210968209988282	0.9984934962583757
528.5714285714286	-7.214285714285714	1.7040007715978768e-05	-0.0014920577859006557	0.0015211074838134917	0.9984934856978098	1.7040007715978768e-05	-0.0014920577859006557	0.0015211074838134917	0.9984934856978098	1.7040007715978768e-05	-0.0014920577859006557	0.0015211074838134917	0.9984934856978098
528.5714285714286	-8.0	1.9313910079060723e-05	-0.0014920594731259687	0.0015211098493641167	0.9984934833549459	1.9313910079060723e-05	-0.0014920594731259687	0.0015211098493641167	0.9984934833549459	1.9313910079060723e-05	-0.0014920594731259687	0.0015211098493641167	0.9984934833549459
485.7142857142857	3.0	-1.999993146593052	-2.9496171843642196e-09	3.0070446620760158e-09	0.9999999970212095	-1.999993146593052	-2.9496171843642196e-09	3.0070446620760158e-09	0.9999999970212095	-1.999993146593052	-2.9496171843642196e-09	3.0070446620760158e-09	0.9999999970212095
485.7142857142857	2.2142857142857135	-1.9999581579213437	-1.8008284483696576e-08	1.83588962041928e-08	0.9999999818168666	-1.9999581579213437	-1.8008284483696576e-08	1.83588962041928e-08	0.9999999818168666	-1.9999581579213437	-1.8008284483696576e-08	1.83588962041928e-08	0.9999999818168666
485.7142857142857	1.4285714285714288	-1.999744564555717	-1.0993607920312829e-07	1.1207647619146518e-07	0.999999888999774	-1.999744564555717	-1.0993607920312829e-07	1.1207647619146518e-07	0.999999888999774	-1.999744564555717	-1.0993607920312829e-07	1.1207647619146518e-07	0.999999888999774
485.7142857142857	0.6428571428571423	-1.998441480075362	-6.707666193312781e-07	6.838260886365354e-07	0.999999322743824	-1.998441480075362	-6.707666193312781e-07	6.838260886365354e-07	0.999999322743824	-1.998441480075362	-6.707666193312781e-07	6.838260886365354e-07	0.999999322743824
485.7142857142857	-0.14285714285714324	-1.9905223150126916	-4.079071826259404e-06	4.158489185104844e-06	0.9999958814668293	-1.9905223150126916	-4.079071826259404e-06	4.158489185104844e-06	0.9999958814668293	-1.9905223150126916	-4.079071826259404e-06	4.158489185104844e-06	0.9999958814668293
485.7142857142857	-0.9285714285714288	-1.9435018125483283	-2.431608192939306e-05	2.4789503111111402e-05	0.9999754486764683	-1.9435018125483283	-2.431608192939306e-05	2.4789503111111402e-05	0.9999754486764683	-1.9435018125483283	-2.431608192939306e-05	2.4789503111111402e-05	0.9999754486764683
485.7142857142857	-1.7142857142857144	-1.6985339262370864	-0.00012974706055361078	0.00013227316681160644	0.9998689974885978	-1.6985339262370864	-0.00012974706055361078	0.00013227316681160644	0.9998689974885978	-1.6985339262370864	-0.00012974706055361078	0.00013227316681160644	0.9998689974885978
485.7142857142857	-2.5	-0.9598636259229898	-0.00044766110967766227	0.0004563768333772459	0.9995480047754615	-0.9598636259229898	-0.00044766110967766227	0.0004563768333772459	0.9995480047754615	-0.9598636259229898	-0.00044766110967766227	0.0004563768333772459	0.9995480047754615
485.7142857142857	-3.2857142857142856	-0.2625980898714074	-0.0007477550890697553	0.0007623134829315687	0.9992450014631771	-0.2625980898714074	-0.0007477550890697553	0.0007623134829315687	0.9992450014631771	-0.2625980898714074	-0.0007477550890697553	0.0007623134829315687	0.9992450014631771
485.7142857142857	-4.071428571428571	-0.04830643546741488	-0.0008399834181574305	0.0008563374485316096	0.9991518783728378	-0.04830643546741488	-0.0008399834181574305	0.0008563374485316096	0.9991518783728378	-0.04830643546741488	-0.0008399834181574305	0.0008563374485316096	0.9991518783728378
485.7142857142857	-4.857142857142858	-0.008065721079792513	-0.0008573024960262384	0.0008739937196360882	0.9991343912392893	-0.008065721079792513	-0.0008573024960262384	0.0008739937196360882	0.9991343912392893	-0.008065721079792513	-0.0008573024960262384	0.0008739937196360882	0.9991343912392893
485.7142857142857	-5.642857142857142	-0.001316030015762107	-0.000860207474899071	0.0008769552569109084	0.999131458070919	-0.001316030015762107	-0.000860207474899071	0.0008769552569109084	0.999131458070919	-0.001316030015762107	-0.000860207474899071	0.0008769552569109084	0.999131458070919
485.7142857142857	-6.428571428571429	-0.00020614028042446387	-0.0008606851569436325	0.0008774422392224468	0.9991309757534385	-0.00020614028042446387	-0.0008606851569436325	0.0008774422392224468	0.9991309757534385	-0.00020614028042446387	-0.0008606851569436325	0.0008774422392224468	0.9991309757534385
485.7142857142857	-7.214285714285714	-2.423464527742766e-05	-0.0008607634467486674	0.0008775220536036464	0.999130896703603	-2.423464527742766e-05	-0.0008607634467486674	0.0008775220536036464	0.999130896703603	-2.423464527742766e-05	-0.0008607634467486674	0.0008775220536036464	0.999130896703603
485.7142857142857	-8.0	5.562718340045238e-06	-0.0008607762711180652	0.0008775351295817408	0.9991308837528803	5.562718340045238e-06	-0.0008607762711180652	0.0008775351295817408	0.9991308837528803	5.562718340045238e-06	-0.0008607762711180652	0.0008775351295817408	0.9991308837528803
442.85714285714283	3.0	-1.9999996722318516	-7.306148398977138e-11	7.44839522224856e-11	0.999999999925534	-1.9999996722318516	-7.306148398977138e-11	7.44839522224856e-11	0.999999999925534	-1.9999996722318516	-7.306148398977138e-11	7.44839522224856e-11	0.999999999925534
442.85714285714283	2.2142857142857135	-1.9999979988407202	-4.4606937891954994e-10	4.5475411246791943e-10	0.9999999995489343	-1.9999979988407202	-4.4606937891954994e-10	4.5475411246791943e-10	0.9999999995489343	-1.9999979988407202	-4.4606937891954994e-10	4.5475411246791943e-10	0.9999999995489343
442.85714285714283	1.4285714285714288	-1.999987782175401	-2.7234190983175277e-09	2.7764426196063407e-09	0.9999999972496548	-1.999987782175401	-2.7234190983175277e-09	2.7764426196063407e-09	0.9999999972496548	-1.999987782175401	-2.7234190983175277e-09	2.7764426196063407e-09	0.9999999972496548
442.85714285714283	0.6428571428571423	-1.9999254075875006	-1.6627050646919968e-08	1.695077047927768e-08	0.9999999832121387	-1.9999254075875006	-1.6627050646919968e-08	1.695077047927768e-08	0.9999999832121387	-1.9999254075875006	-1.6627050646919968e-08	1.695077047927768e-08	0.9999999832121387
442.85714285714283	-0.14285714285714324	-1.9995446700089698	-1.014955072860332e-07	1.034715708285943e-07	0.9999998975264425	-1.9995446700089698	-1.014955072860332e-07	1.034715708285943e-07	0.9999998975264425	-1.9995446700089698	-1.014955072860332e-07	1.034715708285943e-07	0.9999998975264425
442.85714285714283	-0.9285714285714288	-1.9972232546833855	-6.189514848677124e-07	6.310021410648804e-07	0.9999993750875885	-1.9972232546833855	-6.189514848677124e-07	6.310021410648804e-07	0.9999993750875885	-1.9972232546833855	-6.189514848677124e-07	6.310021410648804e-07	0.9999993750875885
442.85714285714283	-1.7142857142857144	-1.9831661739489908	-3.752350482106132e-06	3.82540675016049e-06	0.9999962115137944	-1.9831661739489908	-3.752350482106132e-06	3.82540675016049e-06	0.9999962115137944	-1.9831661739489908	-3.752350482106132e-06	3.82540675016049e-06	0.9999962115137944
442.85714285714283	-2.5	-1.9014572589335619	-2.1965707665740983e-05	2.2393368310684608e-05	0.9999778227091909	-1.9014572589335619	-2.1965707665740983e-05	2.2393368310684608e-05	0.9999778227091909	-1.9014572589335619	-2.1965707665740983e-05	2.2393368310684608e-05	0.9999778227091909
442.85714285714283	-3.2857142857142856	-1.5192814062530198	-0.00010715476335823121	0.00010924100960642451	0.999891811861614	-1.5192814062530198	-0.00010715476335823121	0.00010924100960642451	0.999891811861614	-1.5192814062530198	-0.00010715476335823121	0.00010924100960642451	0.999891811861614
442.85714285714283	-4.071428571428571	-0.6821676342234569	-0.0002937519312482593	0.0002994711251063749	0.999703407888694	-0.6821676342234569	-0.0002937519312482593	0.0002994711251063749	0.999703407888694	-0.6821676342234569	-0.0002937519312482593	0.0002994711251063749	0.999703407888694
442.85714285714283	-4.857142857142858	-0.15631170694720548	-0.00041096804932702413	0.0004189693786582237	0.9995850520288952	-0.15631170694720548	-0.00041096804932702413	0.0004189693786582237	0.9995850520288952	-0.15631170694720548	-0.00041096804932702413	0.0004189693786582237	0.9995850520288952
442.85714285714283	-5.642857142857142	-0.027387618476707738	-0.000439705922941197	0.0004482667633863271	0.9995560341656344	-0.027387618476707738	-0.000439705922941197	0.0004482667633863271	0.9995560341656344	-0.027387618476707738	-0.000439705922941197	0.0004482667633863271	0.9995560341656344
442.85714285714283	-6.428571428571429	-0.004532847794821063	-0.0004448003744058425	0.00045346040111136026	0.9995508900565635	-0.004532847794821063	-0.0004448003744058425	0.00045346040111136026	0.9995508900565635	-0.004532847794821063	-0.0004448003744058425	0.00045346040111136026	0.9995508900565635
442.85714285714283	-7.214285714285714	-0.0007389088161249899	-0.0004456460638356654	0.00045432255566488336	0.9995500361231987	-0.0007389088161249899	-0.0004456460638356654	0.00045432255566488336	0.9995500361231987	-0.0007389088161249899	-0.0004456460638356654	0.00045432255566488336	0.9995500361231987
442.85714285714283	-8.0	-0.00011612653064162261	-0.0004457848853609389	0.00045446407997333423	0.9995498959483958	-0.00011612653064162261	-0.0004457848853609389	0.00045446407997333423	0.9995498959483958	-0.00011612653064162261	-0.0004457848853609389	0.00045446407997333423	0.9995498959483958
400.0	3.0	-1.9999999915217508	-8.490033582162065e-13	8.655330020255813e-13	0.999999999998367	-1.9999999915217508	-8.490033582162065e-13	8.655330020255813e-13	0.999999999998367	-1.9999999915217508	-8.490033582162065e-13	8.655330020255813e-13	0.999999999998367
400.0	2.2142857142857135	-1.9999999482318433	-5.1835069408652775e-12	5.284427063956364e-12	0.9999999999939918	-1.9999999482318433	-5.1835069408652775e-12	5.284427063956364e-12	0.9999999999939918	-1.9999999482318433	-5.1835069408652775e-12	5.284427063956364e-12	0.9999999999939918
400.0	1.4285714285714288	-1.9999996839295835	-3.1647390998891444e-11	3.226354886875757e-11	0.9999999999672795	-1.9999996839295835	-3.1647390998891444e-11	3.226354886875757e-11	0.9999999999672795	-1.9999996839295835	-3.1647390998891444e-11	3.226354886875757e-11	0.9999999999672795
400.0	0.6428571428571423	-1.9999980702594746	-1.9321989778904504e-10	1.9698178642756254e-10	0.9999999998041907	-1.9999980702594746	-1.9321989778904504e-10	1.9698178642756254e-10	0.9999999998041907	-1.9999980702594746	-1.9321989778904504e-10	1.9698178642756254e-10	0.9999999998041907
400.0	-0.14285714285714324	-1.9999882182107667	-1.1796793965516069e-09	1.2026471269446008e-09	0.9999999988084737	-1.9999882182107667	-1.1796793965516069e-09	1.2026471269446008e-09	0.9999999988084737	-1.9999882182107667	-1.1796793965516069e-09	1.2026471269446008e-09	0.9999999988084737
400.0	-0.9285714285714288	-1.999928069595253	-7.2022006882505885e-09	7.342423704883344e-09	0.999999992729433	-1.999928069595253	-7.2022006882505885e-09	7.342423704883344e-09	0.999999992729433	-1.999928069595253	-7.2022006882505885e-09	7.342423704883344e-09	0.999999992729433
400.0	-1.7142857142857144	-1.999560916559625	-4.396426005567486e-08	4.482022081487596e-08	0.9999999556223712	-1.999560916559625	-4.396426005567486e-08	4.482022081487596e-08	0.9999999556223712	-1.999560916559625	-4.396426005567486e-08	4.482022081487596e-08	0.9999999556223712
400.0	-2.5	-1.9973222203316872	-2.6811897389687864e-07	2.7333910770926084e-07	0.999999729363935	-1.9973222203316872	-2.6811897389687864e-07	2.7333910770926084e-07	0.999999729363935	-1.9973222203316872	-2.6811897389687864e-07	2.7333910770926084e-07	0.999999729363935
400.0	-3.2857142857142856	-1.9837620732097379	-1.6258605289289333e-06	1.6575151686507155e-06	0.9999983588765281	-1.9837620732097379	-1.6258605289289333e-06	1.6575151686507155e-06	0.9999983588765281	-1.9837620732097379	-1.6258605289289333e-06	1.6575151686507155e-06	0.9999983588765281
400.0	-4.071428571428571	-1.904806734547526	-9.53144911356638e-06	9.71702135813966e-06	0.9999903789626555	-1.904806734547526	-9.53144911356638e-06	9.71702135813966e-06	0.9999903789626555	-1.904806734547526	-9.53144911356638e-06	9.71702135813966e-06	0.9999903789626555
400.0	-4.857142857142858	-1.5324269051882904	-4.681685347010468e-05	4.7728352705823194e-05	0.999952740455263	-1.5324269051882904	-4.681685347010468e-05	4.7728352705823194e-05	0.999952740455263	-1.5324269051882904	-4.681685347010468e-05	4.7728352705823194e-05	0.999952740455263
400.0	-5.642857142857142	-0.6985971558205892	-0.00013030601404864767	0.00013284300283390876	0.9998684453090467	-0.6985971558205892	-0.00013030601404864767	0.00013284300283390876	0.9998684453090467	-0.6985971558205892	-0.00013030601404864767	0.00013284300283390876	0.9998684453090467
400.0	-6.428571428571429	-0.16163213573623306	-0.00018407089689279125	0.00018765465935010667	0.9998141501799997	-0.16163213573623306	-0.00018407089689279125	0.00018765465935010667	0.9998141501799997	-0.16163213573623306	-0.00018407089689279125	0.00018765465935010667	0.9998141501799997
400.0	-7.214285714285714	-0.02839020515466808	-0.00019741205789897164	0.00020125556566506778	0.999800676084017	-0.02839020515466808	-0.00019741205789897164	0.00020125556566506778	0.999800676084017	-0.02839020515466808	-0.00019741205789897164	0.00020125556566506778	0.999800676084017
400.0	-8.0	-0.004703665815019418	-0.00019978372824050797	0.00020367341116669019	0.9997982807250835	-0.004703665815019418	-0.00019978372824050797	0.00020367341116669019	0.9997982807250835	-0.004703665815019418	-0.00019978372824050797	0.00020367341116669019	0.9997982807250835
