descriptor-temperature	descriptor-logPressure	dCO2_g/dCO_s	dCO2_g/dO_s	dCO2_g/dO-CO_s	dCO2_g/dO-O_s	dCO_g/dCO_s	dCO_g/dO_s	dCO_g/dO-CO_s	dCO_g/dO-O_s	dO2_g/dCO_s	dO2_g/dO_s	dO2_g/dO-CO_s	dO2_g/dO-O_s
1000.0	3.0	0.0	0.0	0.0	0.0	1.6944767123639599e-46	4.082118248682072e-98	1.3985817356915762e-102	1.5660535356172003e-100	-3.3889534247279198e-46	-8.164236497364145e-98	-2.7971634713831525e-102	-3.132107071234436e-100
1000.0	2.2142857142857135	0.0	0.0	0.0	0.0	6.288440564363981e-47	4.204062154839548e-98	1.5007207729692477e-102	1.6804394391755605e-100	-1.2576881128727961e-46	-8.408124309679093e-98	-3.001441545933769e-102	-3.360878878351121e-100
1000.0	1.4285714285714288	0.0	0.0	0.0	0.0	-2.919858588396639e-45	-3.114194600001469e-45	3.4108149769268832e-46	-9.42989766729417e-46	5.839717176793278e-45	6.228389200002938e-45	-6.8216299538537664e-46	1.885979533458834e-45
1000.0	0.6428571428571423	0.0	0.0	0.0	0.0	-2.006679867513298e-45	-2.1390601558003895e-45	2.3436253709105707e-46	5.6006499039745226e-45	4.013359735026596e-45	4.278120311600779e-45	-4.687250741821141e-46	-1.1201299807949045e-44
1000.0	-0.14285714285714324	0.0	0.0	0.0	0.0	3.3357003738060004e-45	-3.0677115953504826e-43	-3.906240963061197e-46	-9.314823582157647e-45	-6.671400747612001e-45	6.135423190700965e-43	7.812481926122395e-46	1.8629647164315295e-44
1000.0	-0.9285714285714288	0.0	0.0	0.0	0.0	2.692712229364938e-44	-3.2412331021321504e-42	-3.209872152391817e-45	-7.555393939583823e-44	-5.385424458729876e-44	6.482466204264301e-42	6.419744304783634e-45	1.5110787879167646e-43
1000.0	-1.7142857142857144	0.0	0.0	0.0	0.0	1.8040218176915173e-45	-2.027698852353333e-41	-6.6085307384753984e-46	-1.4536505677783273e-44	-3.6080436353830346e-45	4.055397704706666e-41	1.3217061476950797e-45	2.9073011355566545e-44
1000.0	-2.5	0.0	0.0	0.0	0.0	1.229723550202036e-41	-8.049368033892248e-41	-2.2589728043549523e-42	-3.3838005924733867e-41	-2.459447100404072e-41	1.6098736067784496e-40	4.5179456087099046e-42	6.767601184946773e-41
1000.0	-3.2857142857142856	0.0	0.0	0.0	0.0	3.235859715778741e-40	1.8726263073443227e-40	-1.7149397913674556e-40	-8.893440617511253e-40	-6.471719431557482e-40	-3.745252614688645e-40	3.429879582734911e-40	1.7786881235022506e-39
1000.0	-4.071428571428571	0.0	0.0	0.0	0.0	3.1560529491574965e-40	3.309524473305857e-40	-9.444568967730601e-40	-8.67364021887652e-40	-6.312105898314993e-40	-6.619048946611714e-40	1.8889137935461203e-39	1.734728043775304e-39
1000.0	-4.857142857142858	0.0	0.0	0.0	0.0	5.17733552900416e-41	-4.922372375718296e-40	-1.626816031635854e-39	-1.4228537035686803e-40	-1.035467105800832e-40	9.844744751436592e-40	3.253632063271708e-39	2.8457074071373606e-40
1000.0	-5.642857142857142	0.0	0.0	0.0	0.0	4.669354879633146e-42	-3.10739506929282e-39	-2.7698584840453336e-39	-1.2832463636992915e-41	-9.338709759266292e-42	6.21479013858564e-39	5.539716968090667e-39	2.566492727398583e-41
1000.0	-6.428571428571429	0.0	0.0	0.0	0.0	3.4671805937946377e-43	-1.014050833437817e-38	-5.620656221692846e-39	-9.528606081382016e-43	-6.934361187589275e-43	2.028101666875634e-38	1.1241312443385692e-38	1.905721216276403e-42
1000.0	-7.214285714285714	0.0	0.0	0.0	0.0	2.4017885271375803e-44	-2.781884148686924e-38	-1.2720886774746358e-38	-6.600663370898499e-44	-4.803577054275161e-44	5.563768297373848e-38	2.5441773549492715e-38	1.3201326741796999e-43
1000.0	-8.0	0.0	0.0	0.0	0.0	1.6202044186195232e-45	-7.163057760473195e-38	-3.029343228704938e-38	-4.452691385721384e-45	-3.2404088372390464e-45	1.432611552094639e-37	6.058686457409876e-38	8.905382771442768e-45
957.1428571428571	3.0	0.0	0.0	0.0	0.0	-1.8554726277885596e-102	2.8615996616629306e-98	5.024582266326694e-103	5.622539933500912e-101	3.710945255577119e-102	-5.72319932332586e-98	-1.0049164532630768e-102	-1.1245079867001313e-100
957.1428571428571	2.2142857142857135	0.0	0.0	0.0	0.0	7.010925342660672e-47	3.094940847671583e-98	5.938389016313143e-103	6.645270479186551e-101	-1.4021850685321344e-46	-6.189881695343166e-98	-1.1876778032603666e-102	-1.3290540958373272e-100
957.1428571428571	1.4285714285714288	0.0	0.0	0.0	0.0	-1.8721180332232175e-45	-2.0111215888561274e-45	2.2040889939887886e-46	-6.089751353171825e-46	3.744236066446435e-45	4.022243177712255e-45	-4.408177987977577e-46	1.217950270634365e-45
957.1428571428571	0.6428571428571423	0.0	0.0	0.0	0.0	-1.7314233890533002e-45	-1.856399156629425e-45	2.034657765466828e-46	4.860919453513522e-45	3.4628467781066003e-45	3.71279831325885e-45	-4.069315530933656e-46	-9.721838907027044e-45
957.1428571428571	-0.14285714285714324	0.0	0.0	0.0	0.0	-8.338579427821392e-46	1.0115586688491396e-43	9.801823563434896e-47	2.3407395131773277e-45	1.6677158855642784e-45	-2.0231173376982792e-43	-1.9603647126869793e-46	-4.6814790263546554e-45
957.1428571428571	-0.9285714285714288	0.0	0.0	0.0	0.0	4.299799493603406e-45	-5.519580973778035e-43	-5.07300121116646e-46	-1.2083947974756602e-44	-8.599598987206812e-45	1.103916194755607e-42	1.014600242233292e-45	2.4167895949513203e-44
957.1428571428571	-1.7142857142857144	0.0	0.0	0.0	0.0	2.3933079869876146e-44	-4.504862696696834e-42	-2.896340286988575e-45	-6.79433582200532e-44	-4.786615973975229e-44	9.009725393393668e-42	5.79268057397715e-45	1.358867164401064e-43
957.1428571428571	-2.5	0.0	0.0	0.0	0.0	6.990891260154713e-46	-2.712778758572672e-41	-6.954442465559717e-46	-1.477187142505523e-44	-1.3981782520309426e-45	5.425557517145344e-41	1.3908884931119435e-45	2.954374285011046e-44
957.1428571428571	-3.2857142857142856	0.0	0.0	0.0	0.0	2.322992446268038e-41	-9.433939070256544e-41	-4.543031119564508e-42	-6.389356395768577e-41	-4.645984892536076e-41	1.886787814051309e-40	9.086062239129016e-42	1.2778712791537155e-40
957.1428571428571	-4.071428571428571	0.0	0.0	0.0	0.0	4.218807422302904e-40	2.793936933772748e-40	-2.5487565120587183e-40	-1.159480580322708e-39	-8.437614844605808e-40	-5.587873867545496e-40	5.097513024117437e-40	2.318961160645416e-39
957.1428571428571	-4.857142857142858	0.0	0.0	0.0	0.0	3.2263451484331664e-40	3.3664930725310075e-40	-1.1614188162521197e-39	-8.866805952167196e-40	-6.452690296866333e-40	-6.732986145062015e-40	2.3228376325042393e-39	1.7733611904334392e-39
957.1428571428571	-5.642857142857142	0.0	0.0	0.0	0.0	4.83950075364283e-41	-7.176664618462839e-40	-1.937664978270709e-39	-1.3300082945571203e-40	-9.67900150728566e-41	1.4353329236925678e-39	3.875329956541418e-39	2.6600165891142406e-40
957.1428571428571	-6.428571428571429	0.0	0.0	0.0	0.0	4.241570893319233e-42	-3.997827592157878e-39	-3.347313782316023e-39	-1.165681352937114e-41	-8.483141786638466e-42	7.995655184315756e-39	6.694627564632046e-39	2.331362705874228e-41
957.1428571428571	-7.214285714285714	0.0	0.0	0.0	0.0	3.1182712633366682e-43	-1.2724264693791866e-38	-6.877400148780512e-39	-8.569723091392232e-43	-6.2365425266733364e-43	2.5448529387583733e-38	1.3754800297561025e-38	1.7139446182784464e-42
957.1428571428571	-8.0	0.0	0.0	0.0	0.0	2.1519852766392009e-44	-3.460329766329847e-38	-1.5662218679730855e-38	-5.914146922581055e-44	-4.3039705532784017e-44	6.920659532659694e-38	3.132443735946171e-38	1.182829384516211e-43
914.2857142857142	3.0	0.0	0.0	0.0	0.0	-9.425151802430816e-104	1.7829146824024863e-98	1.3974195007512322e-103	1.5629362390836266e-101	1.8850303604861632e-103	-3.5658293648049726e-98	-2.794839001545678e-103	-3.125872478167253e-101
914.2857142857142	2.2142857142857135	0.0	0.0	0.0	0.0	9.83664300519501e-47	2.1383783819292183e-98	2.0484285224670153e-103	2.291168850366542e-101	-1.967328601039002e-46	-4.276756763858435e-98	-4.0968570449124233e-103	-4.582337700732921e-101
914.2857142857142	1.4285714285714288	0.0	0.0	0.0	0.0	-1.0904453342348871e-45	-1.1881231757620939e-45	1.302779669766993e-46	-3.597681392027275e-46	2.1808906684697743e-45	2.3762463515241878e-45	-2.605559339533986e-46	7.19536278405455e-46
914.2857142857142	0.6428571428571423	0.0	0.0	0.0	0.0	-1.0834505993550854e-45	-1.17268639673356e-45	1.2858661058325552e-46	3.0708042910824816e-45	2.1669011987101708e-45	2.34537279346712e-45	-2.5717322116651103e-46	-6.141608582164963e-45
914.2857142857142	-0.14285714285714324	0.0	0.0	0.0	0.0	-9.627262054106938e-46	-1.0410056783035223e-45	1.141555469741838e-46	2.7259839948235087e-45	1.9254524108213876e-45	2.0820113566070446e-45	-2.283110939483676e-46	-5.4519679896470173e-45
914.2857142857142	-0.9285714285714288	0.0	0.0	0.0	0.0	-2.2280672520007866e-46	3.8338801549323115e-44	2.6434653839339724e-47	6.309800681397423e-46	4.456134504001573e-46	-7.667760309864623e-44	-5.286930767867945e-47	-1.2619601362794846e-45
914.2857142857142	-1.7142857142857144	0.0	0.0	0.0	0.0	3.9454969337979957e-45	-7.270834311732473e-43	-4.70280599048955e-46	-1.1196342252260123e-44	-7.890993867595991e-45	1.4541668623464946e-42	9.4056119809791e-46	2.2392684504520246e-44
914.2857142857142	-2.5	0.0	0.0	0.0	0.0	1.8044065998174562e-44	-5.3563912365672e-42	-2.226114798128133e-45	-5.217918237668581e-44	-3.6088131996349124e-44	1.07127824731344e-41	4.452229596256266e-45	1.0435836475337163e-43
914.2857142857142	-3.2857142857142856	0.0	0.0	0.0	0.0	2.2343420316025565e-44	-3.1732184231617503e-41	-3.5864296938708133e-45	-7.648382078691737e-44	-4.468684063205113e-44	6.346436846323501e-41	7.172859387741627e-45	1.5296764157383475e-43
914.2857142857142	-4.071428571428571	0.0	0.0	0.0	0.0	2.9424911421531547e-41	-1.0707135490901958e-40	-5.791540404920564e-42	-8.092652048659794e-41	-5.884982284306309e-41	2.1414270981803915e-40	1.1583080809841128e-41	1.6185304097319588e-40
914.2857142857142	-4.857142857142858	0.0	0.0	0.0	0.0	4.957336834255508e-40	3.341339740109362e-40	-3.0345271778531468e-40	-1.3624509875716052e-39	-9.914673668511015e-40	-6.682679480218724e-40	6.0690543557062936e-40	2.7249019751432104e-39
914.2857142857142	-5.642857142857142	0.0	0.0	0.0	0.0	3.676338358199151e-40	3.828475708898046e-40	-1.3480083551956442e-39	-1.0103496119214956e-39	-7.352676716398301e-40	-7.656951417796093e-40	2.6960167103912884e-39	2.020699223842991e-39
914.2857142857142	-6.428571428571429	0.0	0.0	0.0	0.0	5.454163386683828e-41	-8.439691236968923e-40	-2.2369447332952245e-39	-1.498931889250148e-40	-1.0908326773367656e-40	1.6879382473937846e-39	4.473889466590449e-39	2.997863778500296e-40
914.2857142857142	-7.214285714285714	0.0	0.0	0.0	0.0	4.7622781608953105e-42	-4.644277572281138e-39	-3.86567772468663e-39	-1.308783678578155e-41	-9.524556321790621e-42	9.288555144562276e-39	7.73135544937326e-39	2.61756735715631e-41
914.2857142857142	-8.0	0.0	0.0	0.0	0.0	3.496199018332673e-43	-1.4740284645665386e-38	-7.948188575222974e-39	-9.6083550111273e-43	-6.992398036665346e-43	2.948056929133077e-38	1.5896377150445948e-38	1.92167100222546e-42
871.4285714285713	3.0	0.0	0.0	0.0	0.0	3.644976574086709e-102	8.781580141279318e-99	2.3532496828954868e-104	2.6313813256545075e-102	-7.289953148168524e-102	-1.7563160282558627e-98	-4.7064993657909737e-104	-5.262762651305905e-102
871.4285714285713	2.2142857142857135	0.0	0.0	0.0	0.0	1.98010155877828e-46	1.3528321327276098e-98	5.822092983912473e-104	6.509788905487896e-102	-3.96020311755656e-46	-2.705664265455222e-98	-1.1644185968648717e-103	-1.3019577810975793e-101
871.4285714285713	1.4285714285714288	0.0	0.0	0.0	0.0	-5.744570332986084e-46	-6.497564185664611e-46	7.127203969864517e-47	-1.967486725378817e-46	1.1489140665972167e-45	1.2995128371329222e-45	-1.4254407939729034e-46	3.934973450757634e-46
871.4285714285713	0.6428571428571423	0.0	0.0	0.0	0.0	-5.957695306040015e-46	-6.559163172177548e-46	7.1947684711657715e-47	1.717652219926102e-45	1.191539061208003e-45	1.3118326344355096e-45	-1.4389536942331543e-46	-3.435304439852204e-45
871.4285714285713	-0.14285714285714324	0.0	0.0	0.0	0.0	-5.85730841905395e-46	-6.424217536002217e-46	7.046812718412217e-47	1.6823138438848067e-45	1.17146168381079e-45	1.2848435072004435e-45	-1.4093625436824433e-46	-3.3646276877696133e-45
871.4285714285713	-0.9285714285714288	0.0	0.0	0.0	0.0	-5.033453167651043e-46	1.2608871799270363e-43	6.052810444635289e-47	1.444925273954841e-45	1.0066906335302086e-45	-2.5217743598540726e-43	-1.2105620889270578e-46	-2.889850547909682e-45
871.4285714285713	-1.7142857142857144	0.0	0.0	0.0	0.0	-3.695205787176605e-48	9.362445811469056e-46	4.44689554364869e-49	1.0611739141929106e-47	7.39041157435321e-48	-1.8724891622938112e-45	-8.89379108729738e-49	-2.1223478283858211e-47
871.4285714285713	-2.5	0.0	0.0	0.0	0.0	2.8000725190716074e-45	-7.62160969727001e-43	-3.387817477128087e-46	-8.066450040007585e-45	-5.600145038143215e-45	1.524321939454002e-42	6.775634954256174e-46	1.613290008001517e-44
871.4285714285713	-3.2857142857142856	0.0	0.0	0.0	0.0	1.1943594966217727e-44	-5.38171312524047e-42	-1.5083673786844165e-45	-3.5434605199252044e-44	-2.3887189932435455e-44	1.076342625048094e-41	3.016734757368833e-45	7.086921039850409e-44
871.4285714285713	-4.071428571428571	0.0	0.0	0.0	0.0	1.9378093539664262e-44	-3.193306307814283e-41	-3.1622010732732566e-45	-6.850207442102816e-44	-3.8756187079328525e-44	6.386612615628566e-41	6.324402146546513e-45	1.3700414884205633e-43
871.4285714285713	-4.857142857142858	0.0	0.0	0.0	0.0	2.4561611035760966e-41	-1.191732186459785e-40	-4.554222160001031e-42	-6.756463933246567e-41	-4.912322207152193e-41	2.38346437291957e-40	9.108444320002062e-42	1.3512927866493134e-40
871.4285714285713	-5.642857142857142	0.0	0.0	0.0	0.0	5.229610528904117e-40	3.1998094092525267e-40	-2.83048481990046e-40	-1.4372922475755095e-39	-1.0459221057808235e-39	-6.3996188185050534e-40	5.66096963980092e-40	2.874584495151019e-39
871.4285714285713	-6.428571428571429	0.0	0.0	0.0	0.0	4.763457270933873e-40	4.998447671326037e-40	-1.468662609326987e-39	-1.3091180865060243e-39	-9.526914541867746e-40	-9.996895342652074e-40	2.937325218653974e-39	2.6182361730120487e-39
871.4285714285713	-7.214285714285714	0.0	0.0	0.0	0.0	7.624983890007853e-41	-7.823274635854487e-40	-2.4918751230192498e-39	-2.0955246192380826e-40	-1.5249967780015705e-40	1.5646549271708975e-39	4.9837502460384995e-39	4.191049238476165e-40
871.4285714285713	-8.0	0.0	0.0	0.0	0.0	6.817419056657588e-42	-4.803906586287668e-39	-4.236380526744318e-39	-1.873583829318703e-41	-1.3634838113315177e-41	9.607813172575337e-39	8.472761053488636e-39	3.747167658637406e-41
828.5714285714286	3.0	0.0	0.0	0.0	0.0	2.0808192855063945e-101	2.5842512209191514e-99	1.3474191115065876e-105	1.5053406671535729e-103	-4.161638571011858e-101	-5.168502441838293e-99	-2.6948382132224577e-105	-3.0106813343071458e-103
828.5714285714286	2.2142857142857135	0.0	0.0	0.0	0.0	-2.5060771979203623e-46	-2.629834096583096e-46	-1.0545374347684693e-46	-7.963235956008628e-47	5.012154395840725e-46	5.259668193166192e-46	2.1090748695369386e-46	1.5926471912017256e-46
828.5714285714286	1.4285714285714288	0.0	0.0	0.0	0.0	-2.4332292817041048e-46	-3.2409921588292238e-46	3.5559600718204296e-47	-9.813845415520268e-47	4.8664585634082096e-46	6.4819843176584475e-46	-7.111920143640859e-47	1.9627690831040536e-46
828.5714285714286	0.6428571428571423	0.0	0.0	0.0	0.0	-2.9333397380389688e-46	-3.3552997328882768e-46	3.6813643661660016e-47	8.786775076422536e-46	5.8666794760779376e-46	6.7105994657765536e-46	-7.362728732332003e-47	-1.7573550152845072e-45
828.5714285714286	-0.14285714285714324	0.0	0.0	0.0	0.0	-2.988433850467092e-46	-3.3615256627018814e-46	3.6881974233840987e-47	8.803078858727557e-46	5.976867700934184e-46	6.723051325403763e-46	-7.376394846768197e-47	-1.7606157717455115e-45
828.5714285714286	-0.9285714285714288	0.0	0.0	0.0	0.0	-2.9262684818465685e-46	1.1308528637545092e-43	3.602350966630214e-47	8.598119381480383e-46	5.852536963693137e-46	-2.2617057275090184e-43	-7.204701933260428e-47	-1.7196238762960765e-45
828.5714285714286	-1.7142857142857144	0.0	0.0	0.0	0.0	-2.484903599167369e-46	9.614106349868808e-44	3.058203847280135e-47	7.299034973385774e-46	4.969807198334738e-46	-1.9228212699737615e-43	-6.11640769456027e-47	-1.459806994677155e-45
828.5714285714286	-2.5	0.0	0.0	0.0	0.0	1.8791783196563685e-47	-7.344417693012094e-45	-2.3146850904322264e-48	-5.523042276446921e-47	-3.758356639312737e-47	1.4688835386024189e-44	4.629370180864453e-48	1.1046084552893843e-46
828.5714285714286	-3.2857142857142856	0.0	0.0	0.0	0.0	1.533475267924041e-45	-6.385395952748862e-43	-1.8998079357664023e-46	-4.525949596966056e-45	-3.066950535848082e-45	1.2770791905497724e-42	3.7996158715328045e-46	9.051899193932112e-45
828.5714285714286	-4.071428571428571	0.0	0.0	0.0	0.0	6.911955655189956e-45	-4.468241245271771e-42	-8.971931875477982e-46	-2.117024676843047e-44	-1.3823911310379912e-44	8.936482490543542e-42	1.7943863750955963e-45	4.234049353686094e-44
828.5714285714286	-4.857142857142858	0.0	0.0	0.0	0.0	1.6030892974929636e-46	-2.687908421328967e-41	-6.003972573321134e-46	-1.336008249400023e-44	-3.206178594985927e-46	5.375816842657934e-41	1.2007945146642268e-45	2.672016498800046e-44
828.5714285714286	-5.642857142857142	0.0	0.0	0.0	0.0	1.2136306916407312e-41	-1.196050281620783e-40	-2.0043696581186382e-42	-3.341307300643908e-41	-2.4272613832814623e-41	2.392100563241566e-40	4.0087393162372764e-42	6.682614601287816e-41
828.5714285714286	-6.428571428571429	0.0	0.0	0.0	0.0	4.464966756025757e-40	1.838965623554189e-40	-1.8583853175402825e-40	-1.227174213402631e-39	-8.929933512051515e-40	-3.677931247108378e-40	3.716770635080565e-40	2.454348426805262e-39
828.5714285714286	-7.214285714285714	0.0	0.0	0.0	0.0	6.844920213750094e-40	6.952986300581743e-40	-1.4461869832393472e-39	-1.881161629790102e-39	-1.3689840427500188e-39	-1.3905972601163486e-39	2.8923739664786944e-39	3.762323259580204e-39
828.5714285714286	-8.0	0.0	0.0	0.0	0.0	1.3473837931779893e-40	-4.729689050991177e-40	-2.6693847050500676e-39	-3.702929155140418e-40	-2.6947675863559786e-40	9.459378101982354e-40	5.338769410100135e-39	7.405858310280836e-40
785.7142857142857	3.0	0.0	0.0	0.0	0.0	-6.752652394417292e-48	-7.086116710190985e-48	7.77697359987754e-49	-2.1457026300017566e-48	1.3505304788834584e-47	1.417223342038197e-47	-1.555394719975508e-48	4.291405260003513e-48
785.7142857142857	2.2142857142857135	0.0	0.0	0.0	0.0	-7.487198327760353e-47	-7.856936516785555e-47	8.622205441141082e-48	-2.379109749007963e-47	1.4974396655520707e-46	1.571387303357111e-46	-1.7244410882282164e-47	4.758219498015926e-47
785.7142857142857	1.4285714285714288	0.0	0.0	0.0	0.0	2.586436024927749e-47	-1.4039917528310157e-46	1.540695537151277e-47	-4.251339513245319e-47	-5.172872049855498e-47	2.8079835056620314e-46	-3.081391074302554e-47	8.502679026490638e-47
785.7142857142857	0.6428571428571423	0.0	0.0	0.0	0.0	-1.1893430172187224e-46	-1.5571949500293208e-46	1.7088060128694117e-47	4.078013689605045e-46	2.3786860344374447e-46	3.1143899000586415e-46	-3.4176120257388234e-47	-8.15602737921009e-46
785.7142857142857	-0.14285714285714324	0.0	0.0	0.0	0.0	-1.3348329597621735e-46	-1.5833550520232053e-46	1.7375116014794677e-47	4.1465218769774665e-46	2.669665919524347e-46	3.1667101040464105e-46	-3.4750232029589353e-47	-8.293043753954933e-46
785.7142857142857	-0.9285714285714288	0.0	0.0	0.0	0.0	-1.3512063865296755e-46	8.616314338740861e-44	1.7362904277556812e-47	4.143605501429942e-46	2.702412773059351e-46	-1.7232628677481722e-43	-3.4725808555113623e-47	-8.287211002859884e-46
785.7142857142857	-1.7142857142857144	0.0	0.0	0.0	0.0	-1.325284665388289e-46	8.433492957412414e-44	1.6995638049724138e-47	4.055942628317354e-46	2.650569330776578e-46	-1.6866985914824827e-43	-3.3991276099448277e-47	-8.111885256634708e-46
785.7142857142857	-2.5	0.0	0.0	0.0	0.0	-1.147122032956571e-46	7.30600418452337e-44	1.4708168297731971e-47	3.509962519178103e-46	2.294244065913142e-46	-1.461200836904674e-43	-2.9416336595463943e-47	-7.019925038356207e-46
785.7142857142857	-3.2857142857142856	0.0	0.0	0.0	0.0	-6.56176851003675e-48	4.210432908146995e-45	8.42056815061168e-49	2.009192419533983e-47	1.31235370200735e-47	-8.42086581629399e-45	-1.684113630122336e-48	-4.018384839067966e-47
785.7142857142857	-4.071428571428571	0.0	0.0	0.0	0.0	6.1870321401367755e-46	-4.158992174705154e-43	-7.985283112432571e-47	-1.9036253059095367e-45	-1.2374064280273551e-45	8.317984349410309e-43	1.5970566224865143e-46	3.8072506118190734e-45
785.7142857142857	-4.857142857142858	0.0	0.0	0.0	0.0	3.233576077986443e-45	-2.9715174134651204e-42	-4.359780884312161e-46	-1.0336904431316403e-44	-6.467152155972886e-45	5.943034826930241e-42	8.719561768624322e-46	2.0673808862632805e-44
785.7142857142857	-5.642857142857142	0.0	0.0	0.0	0.0	-2.896138125957102e-45	-1.8210517655236614e-41	-3.7442023892251867e-47	-8.605791910176218e-46	5.792276251914204e-45	3.6421035310473227e-41	7.488404778450373e-47	1.7211583820352437e-45
785.7142857142857	-6.428571428571429	0.0	0.0	0.0	0.0	2.883793624232618e-42	-9.523510505479035e-41	-4.1571323357325165e-43	-7.971156020779097e-42	-5.767587248465236e-42	1.904702101095807e-40	8.314264671465033e-43	1.5942312041558193e-41
785.7142857142857	-7.214285714285714	0.0	0.0	0.0	0.0	2.392025425410346e-40	-5.905398512817296e-41	-6.832471040547521e-41	-6.575034360861952e-40	-4.784050850820692e-40	1.1810797025634592e-40	1.3664942081095042e-40	1.3150068721723904e-39
785.7142857142857	-8.0	0.0	0.0	0.0	0.0	9.615148215703512e-40	8.674746106925557e-40	-1.1416909171360367e-39	-2.6425122411095615e-39	-1.9230296431407024e-39	-1.7349492213851114e-39	2.2833818342720734e-39	5.285024482219123e-39
742.8571428571429	3.0	0.0	0.0	0.0	0.0	-1.1041336205237342e-49	-1.1586587375866345e-49	1.2717219386465124e-50	3.0343819139647676e-49	2.2082672410474685e-49	2.317317475173269e-49	-2.543443877293025e-50	-6.068763827929535e-49
742.8571428571429	2.2142857142857135	0.0	0.0	0.0	0.0	-8.880203308904107e-48	-9.318731867368506e-48	1.022755652972134e-48	2.440446440812947e-47	1.7760406617808214e-47	1.8637463734737013e-47	-2.045511305944268e-48	-4.880892881625894e-47
742.8571428571429	1.4285714285714288	0.0	0.0	0.0	0.0	5.602494538505708e-46	-4.534612605346549e-47	4.976678258829002e-48	1.1875476043995291e-46	-1.1204989077011415e-45	9.069225210693099e-47	-9.953356517658004e-48	-2.3750952087990583e-46
742.8571428571429	0.6428571428571423	0.0	0.0	0.0	0.0	-5.093652711746329e-48	-6.315335003996337e-47	6.930931688343021e-48	1.6538906798427722e-46	1.0187305423492658e-47	1.2630670007992673e-46	-1.3861863376686042e-47	-3.3077813596855445e-46
742.8571428571429	-0.14285714285714324	0.0	0.0	0.0	0.0	-4.769131012846828e-47	-6.685102161219223e-47	7.33672985514224e-48	1.7507267902967072e-46	9.538262025693657e-47	1.3370204322438446e-46	-1.467345971028448e-47	-3.5014535805934143e-46
742.8571428571429	-0.9285714285714288	0.0	0.0	0.0	0.0	-5.257190292793911e-47	6.136232878696725e-44	7.402983612198217e-48	1.7665369631256862e-46	1.0514380585587821e-46	-1.227246575739345e-43	-1.4805967224396434e-47	-3.5330739262513725e-46
742.8571428571429	-1.7142857142857144	0.0	0.0	0.0	0.0	-5.317832484841401e-47	6.125131905219534e-44	7.395463363555756e-48	1.7647420230194067e-46	1.0635664969682802e-46	-1.2250263810439068e-43	-1.4790926727111512e-47	-3.529484046038813e-46
742.8571428571429	-2.5	0.0	0.0	0.0	0.0	-5.246306370593068e-47	6.030628118046465e-44	7.281603090612365e-48	1.7375691560821615e-46	1.0492612741186136e-46	-1.206125623609293e-43	-1.456320618122473e-47	-3.475138312164323e-46
742.8571428571429	-3.2857142857142856	0.0	0.0	0.0	0.0	-4.738679814938941e-47	5.449267991868669e-44	6.575798059670447e-48	1.5691303417012321e-46	9.477359629877882e-47	-1.0898535983737337e-43	-1.3151596119340893e-47	-3.1382606834024642e-46
742.8571428571429	-4.071428571428571	0.0	0.0	0.0	0.0	-1.644205474535257e-47	1.899266974962984e-44	2.283424890007429e-48	5.448406979746156e-47	3.288410949070514e-47	-3.798533949925968e-44	-4.566849780014858e-48	-1.0896813959492312e-46
742.8571428571429	-4.857142857142858	0.0	0.0	0.0	0.0	1.6641840411459238e-46	-1.9769290844841313e-43	-2.3232167369533725e-47	-5.5411920700433606e-46	-3.3283680822918475e-46	3.9538581689682626e-43	4.646433473906745e-47	1.1082384140086721e-45
742.8571428571429	-5.642857142857142	0.0	0.0	0.0	0.0	1.0659787429903667e-45	-1.5184971363550134e-42	-1.5433403425245777e-46	-3.6723418041823685e-45	-2.1319574859807335e-45	3.036994272710027e-42	3.0866806850491553e-46	7.344683608364737e-45
742.8571428571429	-6.428571428571429	0.0	0.0	0.0	0.0	7.151691294599197e-46	-9.50080683946736e-42	-2.8123409944052235e-46	-6.596657062556474e-45	-1.4303382589198394e-45	1.900161367893472e-41	5.624681988810447e-46	1.3193314125112948e-44
742.8571428571429	-7.214285714285714	0.0	0.0	0.0	0.0	2.228221637351894e-43	-5.48804394321699e-41	-2.9620135754212717e-44	-6.3877481067833554e-43	-4.456443274703788e-43	1.097608788643398e-40	5.924027150842543e-44	1.2775496213566711e-42
742.8571428571429	-8.0	0.0	0.0	0.0	0.0	5.282105140130228e-41	-1.8945636768413166e-40	-1.0020289790524066e-41	-1.4527100378238372e-40	-1.0564210280260456e-40	3.789127353682633e-40	2.0040579581048132e-41	2.9054200756476743e-40
700.0	3.0	0.0	0.0	0.0	0.0	-1.5987030263606257e-51	-1.677651323958681e-51	1.841397076544441e-52	4.393567977606758e-51	3.1974060527212514e-51	3.355302647917362e-51	-3.682794153088882e-52	-8.787135955213516e-51
700.0	2.2142857142857135	0.0	0.0	0.0	0.0	-7.281862992736968e-49	-7.641461165217806e-49	8.387182123178405e-50	2.001204292732705e-48	1.4563725985473936e-48	1.528292233043561e-48	-1.677436424635681e-49	-4.00240858546541e-48
700.0	1.4285714285714288	0.0	0.0	0.0	0.0	-2.650568707668632e-47	-2.781460989528811e-47	3.0528209429164616e-48	7.28428310427035e-47	5.301137415337264e-47	5.562921979057622e-47	-6.105641885832923e-48	-1.45685662085407e-46
700.0	0.6428571428571423	0.0	0.0	0.0	0.0	3.438110686489111e-46	-8.272523926167662e-47	9.079468342831e-48	2.166462896560592e-46	-6.876221372978222e-46	1.6545047852335325e-46	-1.8158936685662e-47	-4.332925793121184e-46
700.0	-0.14285714285714324	0.0	0.0	0.0	0.0	-4.952291552173073e-47	-1.0212400721600691e-46	1.120853573038254e-47	2.6744897072811123e-46	9.904583104346146e-47	2.0424801443201382e-46	-2.241707146076508e-47	-5.348979414562225e-46
700.0	-0.9285714285714288	0.0	0.0	0.0	0.0	-8.164167768920336e-47	-1.058209356809561e-46	1.161428278065507e-47	2.7713071105144703e-46	1.6328335537840671e-46	2.116418713619122e-46	-2.322856556131014e-47	-5.5426142210289405e-46
700.0	-1.7142857142857144	0.0	0.0	0.0	0.0	-8.5751158856985545e-47	8.425743583410533e-44	1.1680591863284178e-47	2.7871294186283606e-46	1.7150231771397109e-46	-1.6851487166821067e-43	-2.3361183726568355e-47	-5.574258837256721e-46
700.0	-2.5	0.0	0.0	0.0	0.0	-8.630685681659792e-47	8.421095867077874e-44	1.1679960937425226e-47	2.7869785519228466e-46	1.7261371363319584e-46	-1.6842191734155747e-43	-2.3359921874850453e-47	-5.573957103845693e-46
700.0	-3.2857142857142856	0.0	0.0	0.0	0.0	-8.587510133198758e-47	8.369891063262688e-44	1.160940987281573e-47	2.770142062208025e-46	1.7175020266397516e-46	-1.6739782126525375e-43	-2.321881974563146e-47	-5.54028412441605e-46
700.0	-4.071428571428571	0.0	0.0	0.0	0.0	-8.261905754520255e-47	8.053525543216969e-44	1.1167867620942586e-47	2.66477215031009e-46	1.652381150904051e-46	-1.6107051086433939e-43	-2.233573524188517e-47	-5.32954430062018e-46
700.0	-4.857142857142858	0.0	0.0	0.0	0.0	-6.268183577311643e-47	6.121411932191262e-44	8.475252576089408e-48	2.0222265623211695e-46	1.2536367154623287e-46	-1.2242823864382524e-43	-1.6950505152178815e-47	-4.044453124642339e-46
700.0	-5.642857142857142	0.0	0.0	0.0	0.0	5.743054371865706e-47	-5.673607124435906e-44	-7.779859275032196e-48	-1.8559727722291606e-46	-1.1486108743731413e-46	1.1347214248871812e-43	1.555971855006439e-47	3.711945544458321e-46
700.0	-6.428571428571429	0.0	0.0	0.0	0.0	7.31193601149495e-46	-7.763423474644203e-43	-1.0026325258059787e-46	-2.3892963654610992e-45	-1.46238720229899e-45	1.5526846949288405e-42	2.0052650516119573e-46	4.7785927309221985e-45
700.0	-7.214285714285714	0.0	0.0	0.0	0.0	2.882827770142251e-45	-5.149983614775185e-42	-4.4091230719841796e-46	-1.0437909425527764e-44	-5.765655540284502e-45	1.029996722955037e-41	8.818246143968359e-46	2.0875818851055528e-44
700.0	-8.0	0.0	0.0	0.0	0.0	-1.962628750992016e-45	-3.1073232479781686e-41	-4.2427152354163735e-46	-9.653287002279795e-45	3.925257501984032e-45	6.214646495956337e-41	8.485430470832747e-46	1.930657400455959e-44
657.1428571428571	3.0	0.0	0.0	0.0	0.0	1.2501750325051653e-47	1.3493319326254108e-47	2.042869764990299e-55	4.874266141541561e-54	-2.5003500650103306e-47	-2.6986638652508216e-47	-4.085739529980598e-55	-9.748532283083121e-54
657.1428571428571	2.2142857142857135	0.0	0.0	0.0	0.0	-1.8398669879720048e-51	-1.9307246170076592e-51	2.119174544266563e-52	5.0563374194010356e-51	3.6797339759440095e-51	3.8614492340153183e-51	-4.238349088533126e-52	-1.0112674838802071e-50
657.1428571428571	1.4285714285714288	0.0	0.0	0.0	0.0	-6.1102768353979426e-49	-6.412018901343519e-49	7.03781453854831e-50	1.6792298975572923e-48	1.2220553670795885e-48	1.2824037802687039e-48	-1.407562907709662e-49	-3.3584597951145847e-48
657.1428571428571	0.6428571428571423	0.0	0.0	0.0	0.0	-1.31159941038305e-47	-1.3763697516365338e-47	1.5106820578982215e-48	3.6045408985129215e-47	2.6231988207661e-47	2.7527395032730675e-47	-3.021364115796443e-48	-7.209081797025843e-47
657.1428571428571	-0.14285714285714324	0.0	0.0	0.0	0.0	1.4876880152744812e-46	-3.177891376164248e-47	3.487986502061504e-48	8.322497201316657e-47	-2.9753760305489625e-46	6.355782752328496e-47	-6.975973004123008e-48	-1.6644994402633315e-46
657.1428571428571	-0.9285714285714288	0.0	0.0	0.0	0.0	-1.0763018373212075e-47	-3.712257490427219e-47	4.074491130153667e-48	9.721933667203737e-47	2.152603674642415e-47	7.424514980854438e-47	-8.148982260307334e-48	-1.9443867334407474e-46
657.1428571428571	-1.7142857142857144	0.0	0.0	0.0	0.0	-2.440946034559497e-47	5.547354782688163e-44	4.181946967717793e-48	9.978330138402158e-47	4.881892069118994e-47	-1.1094709565376325e-43	-8.363893935435586e-48	-1.9956660276804315e-46
657.1428571428571	-2.5	0.0	0.0	0.0	0.0	-2.6234601700573677e-47	5.558267412413553e-44	4.1996033713410415e-48	1.0020459404938406e-46	5.246920340114735e-47	-1.1116534824827106e-43	-8.399206742682083e-48	-2.0040918809876813e-46
657.1428571428571	-3.2857142857142856	0.0	0.0	0.0	0.0	-2.6511389256679985e-47	5.55780668285291e-44	4.2007940314764237e-48	1.0023300133801472e-46	5.302277851335997e-47	-1.111561336570582e-43	-8.401588062952847e-48	-2.0046600267602943e-46
657.1428571428571	-4.071428571428571	0.0	0.0	0.0	0.0	-2.6490254403338072e-47	5.543985725477187e-44	4.1905465479350806e-48	9.998847383954475e-47	5.2980508806676145e-47	-1.1087971450954374e-43	-8.381093095870161e-48	-1.999769476790895e-46
657.1428571428571	-4.857142857142858	0.0	0.0	0.0	0.0	-2.6082875877704163e-47	5.457799752780332e-44	4.125116952506443e-48	9.842718618798176e-47	5.216575175540833e-47	-1.0915599505560664e-43	-8.250233905012886e-48	-1.968543723759635e-46
657.1428571428571	-5.642857142857142	0.0	0.0	0.0	0.0	-2.3552088905692266e-47	4.931306700041519e-44	3.7253974074782917e-48	8.888911096091622e-47	4.710417781138453e-47	-9.862613400083039e-44	-7.450794814956583e-48	-1.7777822192183245e-46
657.1428571428571	-6.428571428571429	0.0	0.0	0.0	0.0	-8.166563482553309e-48	1.7168957631469398e-44	1.29323922926182e-48	3.0855843889314465e-47	1.6333126965106619e-47	-3.4337915262938796e-44	-2.58647845852364e-48	-6.171168777862893e-47
657.1428571428571	-7.214285714285714	0.0	0.0	0.0	0.0	8.3048702313159695e-47	-1.7905052618846829e-43	-1.3245866755904151e-47	-3.159604672916971e-46	-1.6609740462631939e-46	3.5810105237693658e-43	2.6491733511808303e-47	6.319209345833942e-46
657.1428571428571	-8.0	0.0	0.0	0.0	0.0	5.420553553313877e-46	-1.3758050168808379e-42	-9.083492351891252e-47	-2.1635029301563883e-45	-1.0841107106627755e-45	2.7516100337616757e-42	1.8166984703782505e-46	4.3270058603127767e-45
614.2857142857142	3.0	0.0	0.0	0.0	0.0	2.7516352099848644e-49	2.9026815250370915e-49	7.704452363408728e-59	1.8382737335175986e-57	-5.503270419969729e-49	-5.805363050074183e-49	-1.5408904726817456e-58	-3.676547467035197e-57
614.2857142857142	2.2142857142857135	0.0	0.0	0.0	0.0	9.697898149344632e-48	1.0505205213810953e-47	1.0118025201443946e-55	2.4141498688709535e-54	-1.9395796298689264e-47	-2.1010410427621906e-47	-2.0236050402887892e-55	-4.828299737741907e-54
614.2857142857142	1.4285714285714288	0.0	0.0	0.0	0.0	2.6094321441169965e-46	3.2989885427716965e-46	1.012533750290754e-52	2.4158965209251254e-51	-5.218864288233993e-46	-6.597977085543393e-46	-2.025067500581508e-52	-4.831793041850251e-51
614.2857142857142	0.6428571428571423	0.0	0.0	0.0	0.0	-2.5392064215180435e-49	-2.664599331222638e-49	2.9246734617229915e-50	6.978266196996042e-49	5.078412843036087e-49	5.329198662445276e-49	-5.849346923445983e-50	-1.3956532393992083e-48
614.2857142857142	-0.14285714285714324	0.0	0.0	0.0	0.0	1.0435231102644549e-45	-4.677026384488542e-48	5.1334961690489685e-49	1.224856539601441e-47	-2.0870462205289097e-45	9.354052768977084e-48	-1.0266992338097937e-48	-2.449713079202882e-47
614.2857142857142	-0.9285714285714288	0.0	0.0	0.0	0.0	8.311200371531053e-47	-9.924747250141952e-48	1.0893364845378935e-48	2.5991705345939864e-47	-1.6622400743062105e-46	1.9849494500283904e-47	-2.178672969075787e-48	-5.198341069187973e-47
614.2857142857142	-1.7142857142857144	0.0	0.0	0.0	0.0	2.9913768148834034e-48	3.3595785704059905e-44	1.2504461216028902e-48	2.983581195984697e-47	-5.982753629766807e-48	-6.719157140811981e-44	-2.5008922432057803e-48	-5.967162391969394e-47
614.2857142857142	-2.5	0.0	0.0	0.0	0.0	-3.964589770852534e-48	3.396571269703714e-44	1.2796022632825767e-48	3.0531483223770003e-47	7.929179541705068e-48	-6.793142539407428e-44	-2.5592045265651534e-48	-6.106296644754001e-47
614.2857142857142	-3.2857142857142856	0.0	0.0	0.0	0.0	-4.9067358829484194e-48	3.402623192623724e-44	1.2844337172226849e-48	3.0646762649415473e-47	9.813471765896839e-48	-6.805246385247448e-44	-2.5688674344453698e-48	-6.129352529883095e-47
614.2857142857142	-4.071428571428571	0.0	0.0	0.0	0.0	-5.055008996248207e-48	3.4032179108129297e-44	1.2850763801755406e-48	3.066209659658696e-47	1.0110017992496414e-47	-6.806435821625859e-44	-2.570152760351081e-48	-6.132419319317392e-47
614.2857142857142	-4.857142857142858	0.0	0.0	0.0	0.0	-5.0754883660906346e-48	3.400884830976569e-44	1.2842605652245459e-48	3.0642630371576823e-47	1.0150976732181269e-47	-6.801769661953138e-44	-2.5685211304490918e-48	-6.128526074315365e-47
614.2857142857142	-5.642857142857142	0.0	0.0	0.0	0.0	-5.056496743382358e-48	3.3856633329794665e-44	1.2785031513279495e-48	3.0505252972928916e-47	1.0112993486764716e-47	-6.771326665958933e-44	-2.557006302655899e-48	-6.101050594585783e-47
614.2857142857142	-6.428571428571429	0.0	0.0	0.0	0.0	-4.917014337124301e-48	3.292569979922296e-44	1.2432286534265336e-48	2.966357075683468e-47	9.834028674248602e-48	-6.585139959844592e-44	-2.4864573068530672e-48	-5.932714151366936e-47
614.2857142857142	-7.214285714285714	0.0	0.0	0.0	0.0	-4.062874774943245e-48	2.7241737306753563e-44	1.027993598985419e-48	2.4527897277634123e-47	8.12574954988649e-48	-5.448347461350713e-44	-2.055987197970838e-48	-4.905579455526825e-47
614.2857142857142	-8.0	0.0	0.0	0.0	0.0	1.103627662047446e-48	-7.460312301944925e-45	-2.8049204042501826e-49	-6.692295866080495e-48	-2.207255324094892e-48	1.492062460388985e-44	5.609840808500365e-49	1.338459173216099e-47
571.4285714285714	3.0	0.0	0.0	0.0	0.0	3.3306751807664654e-51	3.497840452654945e-51	9.001692869274078e-63	2.1477938200867382e-61	-6.661350361532931e-51	-6.99568090530989e-51	-1.8003385738548155e-62	-4.2955876401734765e-61
571.4285714285714	2.2142857142857135	0.0	0.0	0.0	0.0	1.2312982275412896e-49	1.2981747088527903e-49	1.24039514867722e-59	2.9595689941422965e-58	-2.462596455082579e-49	-2.5963494177055806e-49	-2.48079029735444e-59	-5.919137988284593e-58
571.4285714285714	1.4285714285714288	0.0	0.0	0.0	0.0	4.365002755890466e-48	4.712736404904547e-48	1.6385713917637732e-56	3.90961374383639e-55	-8.730005511780932e-48	-9.425472809809094e-48	-3.2771427835275465e-56	-7.81922748767278e-55
571.4285714285714	0.6428571428571423	0.0	0.0	0.0	0.0	1.2133069036661859e-46	1.5054381008401499e-46	1.6943326481843172e-53	4.0426634019187525e-52	-2.4266138073323718e-46	-3.0108762016802998e-46	-3.3886652963686344e-53	-8.085326803837505e-52
571.4285714285714	-0.14285714285714324	0.0	0.0	0.0	0.0	1.0805480068005692e-45	2.655034120645267e-45	5.555916259415804e-51	1.325641984829285e-49	-2.1610960136011383e-45	-5.310068241290534e-45	-1.1111832518831608e-50	-2.65128396965857e-49
571.4285714285714	-0.9285714285714288	0.0	0.0	0.0	0.0	6.5625399284663194e-46	-1.066063189546524e-48	1.170105985349992e-49	2.7918895413333165e-48	-1.3125079856932639e-45	2.132126379093048e-48	-2.340211970699984e-49	-5.583779082666633e-48
571.4285714285714	-1.7142857142857144	0.0	0.0	0.0	0.0	5.787847469072043e-47	1.7403569016220735e-44	2.679459143207092e-49	6.393243373171589e-48	-1.1575694938144085e-46	-3.480713803244147e-44	-5.358918286414184e-49	-1.2786486746343178e-47
571.4285714285714	-2.5	0.0	0.0	0.0	0.0	5.636141976330016e-48	1.8724206030799577e-44	3.1246112409363194e-49	7.455389060921132e-48	-1.1272283952660032e-47	-3.7448412061599155e-44	-6.249222481872639e-49	-1.4910778121842265e-47
571.4285714285714	-3.2857142857142856	0.0	0.0	0.0	0.0	1.281175937492055e-48	1.8954741180707105e-44	3.2061006430900926e-49	7.64982518643061e-48	-2.56235187498411e-48	-3.790948236141421e-44	-6.412201286180185e-49	-1.529965037286122e-47
571.4285714285714	-4.071428571428571	0.0	0.0	0.0	0.0	7.048952359055738e-49	1.8992837266108305e-44	3.219688302156262e-49	7.682245744880774e-48	-1.4097904718111475e-48	-3.798567453221661e-44	-6.439376604312524e-49	-1.5364491489761547e-47
571.4285714285714	-4.857142857142858	0.0	0.0	0.0	0.0	6.1428940613799575e-49	1.899867343656955e-44	3.2218502126580796e-49	7.687404125633325e-48	-1.2285788122759915e-48	-3.79973468731391e-44	-6.443700425316159e-49	-1.537480825126665e-47
571.4285714285714	-5.642857142857142	0.0	0.0	0.0	0.0	5.9947292109859304e-49	1.8997098774765044e-44	3.2217742407330795e-49	7.687222841660614e-48	-1.1989458421971861e-48	-3.799419754953009e-44	-6.443548481466159e-49	-1.5374445683321228e-47
571.4285714285714	-6.428571428571429	0.0	0.0	0.0	0.0	5.965691351041974e-49	1.8981388956979497e-44	3.219134931271609e-49	7.680925293259584e-48	-1.1931382702083948e-48	-3.7962777913958994e-44	-6.438269862543218e-49	-1.5361850586519167e-47
571.4285714285714	-7.214285714285714	0.0	0.0	0.0	0.0	5.931643181871434e-49	1.8884475717521772e-44	3.202664771331606e-49	7.641626532056053e-48	-1.1863286363742868e-48	-3.7768951435043544e-44	-6.405329542663212e-49	-1.5283253064112106e-47
571.4285714285714	-8.0	0.0	0.0	0.0	0.0	5.747145972913329e-49	1.8292618067565867e-44	3.1020582557525854e-49	7.401573660685816e-48	-1.1494291945826659e-48	-3.6585236135131734e-44	-6.204116511505171e-49	-1.4803147321371632e-47
528.5714285714286	3.0	0.0	0.0	0.0	0.0	1.998940106554351e-53	2.0978302617281916e-53	2.5625115973855696e-67	6.11412390002145e-66	-3.997880213108702e-53	-4.195660523456383e-53	-5.125023194771139e-67	-1.22282478000429e-65
528.5714285714286	2.2142857142857135	0.0	0.0	0.0	0.0	7.444472846601598e-52	7.816127591381503e-52	3.5573449112310766e-64	8.487785091462189e-63	-1.4888945693203197e-51	-1.5632255182763007e-51	-7.114689822462153e-64	-1.6975570182924377e-62
528.5714285714286	1.4285714285714288	0.0	0.0	0.0	0.0	2.759620858529266e-50	2.9050170767121034e-50	4.9153462532930194e-61	1.1727961701158622e-59	-5.519241717058532e-50	-5.810034153424207e-50	-9.830692506586039e-61	-2.3455923402317244e-59
528.5714285714286	0.6428571428571423	0.0	0.0	0.0	0.0	9.945281620218023e-49	1.0637826713707903e-48	6.601662148235382e-58	1.5751497829755482e-56	-1.9890563240436046e-48	-2.1275653427415805e-48	-1.3203324296470764e-57	-3.1502995659510964e-56
528.5714285714286	-0.14285714285714324	0.0	0.0	0.0	0.0	3.0349824011055243e-47	3.56902581017558e-47	7.499438650719885e-55	1.7893616572827736e-53	-6.069964802211049e-47	-7.13805162035116e-47	-1.499887730143977e-54	-3.578723314565547e-53
528.5714285714286	-0.9285714285714288	0.0	0.0	0.0	0.0	3.9959466279736015e-46	7.713369826053812e-46	3.650217220737192e-52	8.709469161420526e-51	-7.991893255947203e-46	-1.5426739652107623e-45	-7.300434441474385e-52	-1.7418938322841052e-50
528.5714285714286	-1.7142857142857144	0.0	0.0	0.0	0.0	4.652678968238629e-46	4.758683528266896e-45	1.507560530137981e-50	3.5971186831240495e-49	-9.305357936477257e-46	-9.517367056533792e-45	-3.015121060275962e-50	-7.194237366248099e-49
528.5714285714286	-2.5	0.0	0.0	0.0	0.0	5.220581253642247e-47	8.298849865295094e-45	4.801077263907898e-50	1.1455725657680249e-48	-1.0441162507284494e-46	-1.659769973059019e-44	-9.602154527815797e-50	-2.2911451315360498e-48
528.5714285714286	-3.2857142857142856	0.0	0.0	0.0	0.0	5.2019431232763644e-48	9.24343701844124e-45	6.020534557236906e-50	1.436547088205019e-48	-1.0403886246552729e-47	-1.848687403688248e-44	-1.2041069114473811e-49	-2.873094176410038e-48
528.5714285714286	-4.071428571428571	0.0	0.0	0.0	0.0	1.6535540540137036e-48	9.413397546787909e-45	6.255738874709157e-50	1.492669238945258e-48	-3.307108108027407e-48	-1.8826795093575819e-44	-1.2511477749418315e-49	-2.985338477890516e-48
528.5714285714286	-4.857142857142858	0.0	0.0	0.0	0.0	1.221262576377893e-48	9.441677100561339e-45	6.295348024507412e-50	1.5021203888521126e-48	-2.442525152755786e-48	-1.8883354201122678e-44	-1.2590696049014825e-49	-3.004240777704225e-48
528.5714285714286	-5.642857142857142	0.0	0.0	0.0	0.0	1.1546453259429667e-48	9.446298762706848e-45	6.301850496228493e-50	1.5036719454621234e-48	-2.3092906518859333e-48	-1.8892597525413696e-44	-1.2603700992456986e-49	-3.007343890924247e-48
528.5714285714286	-6.428571428571429	0.0	0.0	0.0	0.0	1.143830942748422e-48	9.446919595755659e-45	6.302825144680279e-50	1.50390450668172e-48	-2.287661885496844e-48	-1.8893839191511318e-44	-1.2605650289360558e-49	-3.00780901336344e-48
528.5714285714286	-7.214285714285714	0.0	0.0	0.0	0.0	1.1419620800934606e-48	9.446188073153974e-45	6.302428045042706e-50	1.5038097551021165e-48	-2.2839241601869212e-48	-1.8892376146307947e-44	-1.2604856090085412e-49	-3.007619510204233e-48
528.5714285714286	-8.0	0.0	0.0	0.0	0.0	1.1410417059871769e-48	9.440981131531887e-45	6.298963775084969e-50	1.5029831475856297e-48	-2.2820834119743538e-48	-1.8881962263063775e-44	-1.2597927550169938e-49	-3.0059662951712594e-48
485.7142857142857	3.0	0.0	0.0	0.0	0.0	4.9935024655592425e-56	5.240128933323308e-56	1.2406687934187457e-72	2.9602218073020406e-71	-9.987004931118485e-56	-1.0480257866646616e-55	-2.4813375868374914e-72	-5.920443614604081e-71
485.7142857142857	2.2142857142857135	0.0	0.0	0.0	0.0	1.8612533114753975e-54	1.9532438684230375e-54	1.7237903495813307e-69	4.112944423360694e-68	-3.722506622950795e-54	-3.906487736846075e-54	-3.4475806991626614e-69	-8.225888846721387e-68
485.7142857142857	1.4285714285714288	0.0	0.0	0.0	0.0	6.935056952477013e-53	7.279276394855055e-53	2.3941775046021444e-66	5.712480725413621e-65	-1.3870113904954026e-52	-1.455855278971011e-52	-4.788355009204289e-66	-1.1424961450827242e-64
485.7142857142857	0.6428571428571423	0.0	0.0	0.0	0.0	2.5784203064434006e-51	2.709717625551088e-51	3.3180364708613434e-63	7.91679851749451e-62	-5.156840612886801e-51	-5.419435251102177e-51	-6.636072941722687e-63	-1.583359703498902e-61
485.7142857142857	-0.14285714285714324	0.0	0.0	0.0	0.0	9.460847544789212e-50	1.0017101654902512e-49	4.537750566478997e-60	1.0827028253323381e-58	-1.8921695089578423e-49	-2.0034203309805024e-49	-9.075501132957994e-60	-2.1654056506646762e-58
485.7142857142857	-0.9285714285714288	0.0	0.0	0.0	0.0	3.207056799449805e-48	3.551773928246592e-48	5.73018300002679e-57	1.3672200222717945e-55	-6.41411359889961e-48	-7.103547856493184e-48	-1.146036600005358e-56	-2.734440044543589e-55
485.7142857142857	-1.7142857142857144	0.0	0.0	0.0	0.0	7.001276356765085e-47	9.99602014700782e-47	4.64492199386345e-54	1.1082939086300618e-52	-1.400255271353017e-46	-1.999204029401564e-46	-9.2898439877269e-54	-2.2165878172601236e-52
485.7142857142857	-2.5	0.0	0.0	0.0	0.0	2.724867318222464e-46	1.1486555620947783e-45	6.582158515548191e-52	1.5705970263792618e-50	-5.449734636444928e-46	-2.2973111241895567e-45	-1.3164317031096382e-51	-3.1411940527585236e-50
485.7142857142857	-3.2857142857142856	0.0	0.0	0.0	0.0	6.525757115505108e-47	3.0979094299106006e-45	5.123796968443552e-51	1.222664051237132e-49	-1.3051514231010215e-46	-6.195818859821201e-45	-1.0247593936887104e-50	-2.445328102474264e-49
485.7142857142857	-4.071428571428571	0.0	0.0	0.0	0.0	5.443158316327788e-48	3.868204070540009e-45	8.158910955041037e-51	1.9469428397655454e-49	-1.0886316632655576e-47	-7.736408141080018e-45	-1.6317821910082073e-50	-3.893885679531091e-49
485.7142857142857	-4.857142857142858	0.0	0.0	0.0	0.0	1.1482599073897685e-48	4.0213600822250835e-45	8.852883368133058e-51	2.11254921581272e-49	-2.296519814779537e-48	-8.042720164450167e-45	-1.7705766736266115e-50	-4.22509843162544e-49
485.7142857142857	-5.642857142857142	0.0	0.0	0.0	0.0	7.204958349371e-49	4.047308743058803e-45	8.973483519102669e-51	2.1413287316548372e-49	-1.4409916698742e-48	-8.094617486117606e-45	-1.7946967038205338e-50	-4.2826574633096744e-49
485.7142857142857	-6.428571428571429	0.0	0.0	0.0	0.0	6.586269263214153e-49	4.0515822187516195e-45	8.993430658306197e-51	2.1460888350202026e-49	-1.3172538526428307e-48	-8.103164437503239e-45	-1.7986861316612394e-50	-4.292177670040405e-49
485.7142857142857	-7.214285714285714	0.0	0.0	0.0	0.0	6.487165071401755e-49	4.052279609981409e-45	8.996695951877322e-51	2.1468680513540017e-49	-1.297433014280351e-48	-8.104559219962818e-45	-1.7993391903754644e-50	-4.2937361027080035e-49
485.7142857142857	-8.0	0.0	0.0	0.0	0.0	6.4709617931653466e-49	4.0523742987374113e-45	8.997187462111472e-51	2.1469853436536554e-49	-1.2941923586330693e-48	-8.104748597474823e-45	-1.7994374924222943e-50	-4.293970687307311e-49
442.85714285714283	3.0	0.0	0.0	0.0	0.0	4.041717890303055e-59	4.241310203887186e-59	6.161656706013085e-79	1.4701643694663786e-77	-8.08343578060611e-59	-8.482620407774373e-59	-1.232331341202617e-78	-2.9403287389327573e-77
442.85714285714283	2.2142857142857135	0.0	0.0	0.0	0.0	1.5065935494111477e-57	1.580996204621653e-57	8.561624302507082e-76	2.0427939432573196e-74	-3.0131870988222953e-57	-3.161992409243306e-57	-1.7123248605014164e-75	-4.085587886514639e-74
442.85714285714283	1.4285714285714288	0.0	0.0	0.0	0.0	5.615860968241802e-56	5.893255112820874e-56	1.1896108652638992e-72	2.8383981714520018e-71	-1.1231721936483604e-55	-1.1786510225641749e-55	-2.3792217305277985e-72	-5.6767963429040036e-71
442.85714285714283	0.6428571428571423	0.0	0.0	0.0	0.0	2.0931057793678554e-54	2.1966230333179053e-54	1.6527530230432086e-69	3.94345022165186e-68	-4.186211558735711e-54	-4.3932460666358107e-54	-3.3055060460864173e-69	-7.88690044330372e-68
442.85714285714283	-0.14285714285714324	0.0	0.0	0.0	0.0	7.796347591318306e-53	8.184854994558028e-53	2.2947444771182425e-66	5.475235160130537e-65	-1.5592695182636611e-52	-1.6369709989116056e-52	-4.589488954236485e-66	-1.0950470320261074e-64
442.85714285714283	-0.9285714285714288	0.0	0.0	0.0	0.0	2.8927779056162356e-51	3.0435699795833314e-51	3.1737541439899463e-63	7.572546902506357e-62	-5.785555811232471e-51	-6.087139959166663e-51	-6.347508287979893e-63	-1.5145093805012713e-61
442.85714285714283	-1.7142857142857144	0.0	0.0	0.0	0.0	1.0484672988136752e-49	1.117867926235294e-49	4.287055602867813e-60	1.0228908790355574e-58	-2.0969345976273503e-49	-2.235735852470588e-49	-8.574111205735626e-60	-2.0457817580711148e-58
442.85714285714283	-2.5	0.0	0.0	0.0	0.0	3.3066554174531364e-48	3.815991160299379e-48	5.0340635900973446e-57	1.2011509773040348e-55	-6.613310834906273e-48	-7.631982320598758e-48	-1.0068127180194689e-56	-2.4023019546080696e-55
442.85714285714283	-3.2857142857142856	0.0	0.0	0.0	0.0	5.058664619547445e-47	8.918567052675443e-47	2.850677751472796e-54	6.8024879070178605e-53	-1.011732923909489e-46	-1.7837134105350886e-46	-5.701355502945592e-54	-1.3604975814035721e-52
442.85714285714283	-4.071428571428571	0.0	0.0	0.0	0.0	7.990219083126121e-47	6.438290523190058e-46	1.6097073157138644e-52	3.84198655563961e-51	-1.5980438166252242e-46	-1.2876581046380115e-45	-3.2194146314277287e-52	-7.68397311127922e-51
442.85714285714283	-4.857142857142858	0.0	0.0	0.0	0.0	1.039956024134365e-47	1.2281781599238602e-45	6.1660508138565965e-52	1.4718789976761783e-50	-2.07991204826873e-47	-2.4563563198477203e-45	-1.2332101627713193e-51	-2.9437579953523567e-50
442.85714285714283	-5.642857142857142	0.0	0.0	0.0	0.0	1.0270761177609517e-48	1.3970445554637429e-45	8.080013374845642e-52	1.9288161787389271e-50	-2.0541522355219034e-48	-2.7940891109274858e-45	-1.6160026749691284e-51	-3.8576323574778543e-50
442.85714285714283	-6.428571428571429	0.0	0.0	0.0	0.0	3.4328776055589725e-49	1.427992029795768e-45	8.460991477867436e-52	2.0197725054444899e-50	-6.865755211117945e-49	-2.855984059591536e-45	-1.6921982955734873e-51	-4.0395450108889797e-50
442.85714285714283	-7.214285714285714	0.0	0.0	0.0	0.0	2.6368941219114954e-49	1.4331586007659075e-45	8.525515045322287e-52	2.035177198076754e-50	-5.273788243822991e-49	-2.866317201531815e-45	-1.7051030090644575e-51	-4.070354396153508e-50
442.85714285714283	-8.0	0.0	0.0	0.0	0.0	2.515727092007014e-49	1.4340074714969188e-45	8.536141713200025e-52	2.0377142658493144e-50	-5.031454184014028e-49	-2.8680149429938377e-45	-1.707228342640005e-51	-4.0754285316986288e-50
400.0	3.0	0.0	0.0	0.0	0.0	7.402979844004707e-63	7.768559157490378e-63	1.524702532864891e-86	3.637959762350514e-85	-1.4805959688009413e-62	-1.5537118314980756e-62	-3.049405065729782e-86	-7.275919524701027e-85
400.0	2.2142857142857135	0.0	0.0	0.0	0.0	2.759562791719434e-61	2.8958376384272203e-61	2.118613890146644e-83	5.054988946243051e-82	-5.519125583438868e-61	-5.7916752768544405e-61	-4.237227780293288e-83	-1.0109977892486102e-81
400.0	1.4285714285714288	0.0	0.0	0.0	0.0	1.0286543626477824e-59	1.079452429718118e-59	2.943808644680803e-80	7.0238943644435e-79	-2.057308725295565e-59	-2.158904859436236e-59	-5.887617289361606e-80	-1.4047788728887e-78
400.0	0.6428571428571423	0.0	0.0	0.0	0.0	3.834394479017878e-58	4.023754592934032e-58	4.0903969476172314e-77	9.759641197767988e-76	-7.668788958035756e-58	-8.047509185868064e-58	-8.180793895234463e-77	-1.9519282395535977e-75
400.0	-0.14285714285714324	0.0	0.0	0.0	0.0	1.429278582457885e-56	1.499876854551788e-56	5.683476375820668e-74	1.3560710997284909e-72	-2.85855716491577e-56	-2.999753709103576e-56	-1.1366952751641337e-73	-2.7121421994569817e-72
400.0	-0.9285714285714288	0.0	0.0	0.0	0.0	5.3271334028291926e-55	5.590579781273269e-55	7.896214392936597e-71	1.8840280555274494e-69	-1.0654266805658385e-54	-1.1181159562546538e-54	-1.5792428785873194e-70	-3.768056111054899e-69
400.0	-1.7142857142857144	0.0	0.0	0.0	0.0	1.9842910730344132e-53	2.0831406118135822e-53	1.096369521926474e-67	2.615926808573497e-66	-3.9685821460688263e-53	-4.1662812236271645e-53	-2.192739043852948e-67	-5.231853617146994e-66
400.0	-2.5	0.0	0.0	0.0	0.0	7.363787269896856e-52	7.746923161031844e-52	1.5165858718468562e-64	3.618569034083343e-63	-1.472757453979371e-51	-1.5493846322063688e-51	-3.0331717436937125e-64	-7.237138068166686e-63
400.0	-3.2857142857142856	0.0	0.0	0.0	0.0	2.6716330128907655e-50	2.8468768265426387e-50	2.050611925882595e-61	4.892836874447273e-60	-5.343266025781531e-50	-5.693753653085277e-50	-4.10122385176519e-61	-9.785673748894546e-60
400.0	-4.071428571428571	0.0	0.0	0.0	0.0	8.475099944035613e-49	9.748388609725949e-49	2.421855949427977e-58	5.779212502990353e-57	-1.6950199888071227e-48	-1.9496777219451898e-48	-4.843711898855954e-58	-1.1558425005980705e-56
400.0	-4.857142857142858	0.0	0.0	0.0	0.0	1.3324805170880554e-47	2.3113438659740973e-47	1.409104982640272e-55	3.3640854641024583e-54	-2.664961034176111e-47	-4.622687731948195e-47	-2.818209965280544e-55	-6.728170928204917e-54
400.0	-5.642857142857142	0.0	0.0	0.0	0.0	2.2337066001184593e-47	1.7206406829030745e-46	8.448764180628134e-54	2.0191678177225707e-52	-4.467413200236919e-47	-3.441281365806149e-46	-1.6897528361256267e-53	-4.038335635445141e-52
400.0	-6.428571428571429	0.0	0.0	0.0	0.0	2.999731141958325e-48	3.344615889052179e-46	3.3621619135133785e-53	8.04065517088643e-52	-5.99946228391665e-48	-6.689231778104358e-46	-6.724323827026757e-53	-1.608131034177286e-51
400.0	-7.214285714285714	0.0	0.0	0.0	0.0	2.9311752333136106e-49	3.821837597766118e-46	4.447428316293128e-53	1.0637869219705985e-51	-5.862350466627221e-49	-7.643675195532237e-46	-8.894856632586256e-53	-2.127573843941197e-51
400.0	-8.0	0.0	0.0	0.0	0.0	9.665204815641474e-50	3.909644345708976e-46	4.664910913267372e-53	1.1158401930632611e-51	-1.9330409631282948e-49	-7.819288691417952e-46	-9.329821826534743e-53	-2.2316803861265222e-51
